CORRIDOR,DIR,REF_POINT,SMT_CITY_NAME,COUNTY,CRASH_MONTH,CRASH_YEAR,DAY_OF_WEEK,SMS_X_CORD,SMS_Y_CORD,LATITUDE,LONGITUDE,REF_POINT_FLOAT
C000010,D,001+0.743,GREAT FALLS,CASCADE,FEBRUARY,2019,SUN,465897.38900,364813.15500,47.5195053746993,-111.281712329535,1.7429999999999999
C000010,A,027+0.648,NOT IN CITY LIMITS,CHOUTEAU,FEBRUARY,2019,MON,491774.66037,394041.52494,,,27.648
C000010,A,032+0.335,NOT IN CITY LIMITS,CHOUTEAU,JUNE,2019,WED,498936.48431,396139.79731,,,32.335
C000010,A,033+0.406,NOT IN CITY LIMITS,CHOUTEAU,SEPTEMBER,2019,TUE,500647.78835,396325.39671,,,33.406
C000010,A,034+0.955,NOT IN CITY LIMITS,CHOUTEAU,AUGUST,2019,TUE,503144.91722,396592.34030,,,34.955
C000010,A,000+0.290,GREAT FALLS,CASCADE,SEPTEMBER,2019,FRI,465846.60400,362480.07700,,,0.29
C000010,A,036+0.004,NOT IN CITY LIMITS,CHOUTEAU,DECEMBER,2019,THU,504818.36513,396652.12137,,,36.004
C000010,A,038+0.001,NOT IN CITY LIMITS,CHOUTEAU,FEBRUARY,2019,MON,508030.64420,396779.58274,,,38.001
C000010,A,000+0.282,GREAT FALLS,CASCADE,AUGUST,2019,THU,465845.60200,362467.20900,,,0.282
C000010,A,038+0.874,NOT IN CITY LIMITS,CHOUTEAU,NOVEMBER,2019,THU,509433.01321,396854.64754,,,38.874
C000010,A,040+0.030,NOT IN CITY LIMITS,CHOUTEAU,OCTOBER,2019,TUE,510524.26912,398183.11947,,,40.03
C000010,A,000+0.263,GREAT FALLS,CASCADE,DECEMBER,2019,MON,465844.39400,362435.32800,,,0.263
C000010,A,040+1.005,NOT IN CITY LIMITS,CHOUTEAU,FEBRUARY,2019,MON,511301.85692,399529.46356,,,41.005
C000010,A,042+0.585,NOT IN CITY LIMITS,CHOUTEAU,SEPTEMBER,2019,FRI,513623.41103,400814.84791,,,42.585
C000010,A,000+0.382,GREAT FALLS,CASCADE,FEBRUARY,2019,WED,465849.69700,362627.10100,47.4996812439961,-111.281664592716,0.382
C000010,A,043+0.007,NOT IN CITY LIMITS,CHOUTEAU,NOVEMBER,2019,WED,514209.92691,401157.92416,,,43.007
C000010,A,044+0.702,NOT IN CITY LIMITS,CHOUTEAU,OCTOBER,2019,MON,516702.88609,402203.05983,,,44.702
C000010,A,045+0.521,NOT IN CITY LIMITS,CHOUTEAU,OCTOBER,2019,MON,517406.62041,403304.15436,,,45.521
C000010,A,048+0.214,NOT IN CITY LIMITS,CHOUTEAU,DECEMBER,2019,TUE,520758.63803,405973.28372,,,48.214
C000010,A,000+0.075,GREAT FALLS,CASCADE,SEPTEMBER,2019,THU,465836.30110,362134.18727,47.4952845253479,-111.281705260827,0.075
C000010,A,049+0.039,NOT IN CITY LIMITS,CHOUTEAU,JULY,2019,TUE,521676.74418,406913.91591,,,49.039
C000010,A,049+0.356,NOT IN CITY LIMITS,CHOUTEAU,SEPTEMBER,2019,THU,522017.71089,407295.02142,,,49.356
C000010,A,049+0.386,NOT IN CITY LIMITS,CHOUTEAU,DECEMBER,2019,SAT,522050.08409,407331.23162,,,49.386
C000010,A,049+0.481,NOT IN CITY LIMITS,CHOUTEAU,APRIL,2019,SAT,522164.80557,407430.92612,,,49.481
C000010,A,049+0.761,NOT IN CITY LIMITS,CHOUTEAU,OCTOBER,2019,SUN,522472.95856,407760.80660,,,49.761
C000010,A,049+0.967,NOT IN CITY LIMITS,CHOUTEAU,SEPTEMBER,2019,SUN,522710.39895,407992.43627,,,49.967
C000010,A,050+0.062,NOT IN CITY LIMITS,CHOUTEAU,OCTOBER,2019,THU,522831.43979,408083.50566,,,50.062
C000010,A,051+0.469,NOT IN CITY LIMITS,CHOUTEAU,JUNE,2019,THU,524632.77617,409415.82757,,,51.469
C000010,A,000+0.075,GREAT FALLS,CASCADE,FEBRUARY,2019,THU,465836.30110,362134.18727,47.4952845253479,-111.281705260827,0.075
C000010,A,000+0.131,GREAT FALLS,CASCADE,OCTOBER,2019,FRI,465839.34900,362223.42100,,,0.131
C000010,A,027+0.270,NOT IN CITY LIMITS,CHOUTEAU,JANUARY,2019,FRI,491218.44313,393804.56272,,,27.27
C000010,A,000+0.455,GREAT FALLS,CASCADE,FEBRUARY,2019,THU,465852.32000,362744.89100,47.5008001684397,-111.281658015951,0.455
C000010,A,025+0.914,NOT IN CITY LIMITS,CHOUTEAU,JULY,2019,SAT,489178.26156,393080.96722,,,25.914
C000010,A,001+0.713,GREAT FALLS,CASCADE,NOVEMBER,2019,WED,465903.75600,364765.88900,47.5195053746993,-111.281712329535,1.713
C000010,A,001+0.732,GREAT FALLS,CASCADE,MAY,2019,WED,465905.00000,364797.18400,47.5195053746993,-111.281712329535,1.732
C000010,A,001+0.822,NOT IN CITY LIMITS,CASCADE,SEPTEMBER,2019,SAT,465910.92146,364937.43765,,,1.822
C000010,A,001+0.991,GREAT FALLS,CASCADE,APRIL,2019,THU,465908.39700,365208.80000,47.5229547017975,-111.281820175063,1.991
C000010,A,002+0.242,NOT IN CITY LIMITS,CASCADE,MARCH,2019,TUE,465896.34085,365615.39200,47.5269534223087,-111.281818645185,2.242
C000010,A,002+0.272,NOT IN CITY LIMITS,CASCADE,FEBRUARY,2019,SAT,465907.84800,365662.49400,47.5269534223087,-111.281818645185,2.2720000000000002
C000010,A,002+0.349,NOT IN CITY LIMITS,CASCADE,DECEMBER,2019,SUN,465910.65647,365787.08313,47.5283272353528,-111.28180878383,2.349
C000010,A,002+0.368,NOT IN CITY LIMITS,CASCADE,AUGUST,2019,THU,465915.97680,365817.84964,47.5283272353528,-111.28180878383,2.368
C000010,A,002+0.383,NOT IN CITY LIMITS,CASCADE,SEPTEMBER,2019,SUN,465911.28949,365841.26301,,,2.383
C000010,A,000+0.915,GREAT FALLS,CASCADE,JULY,2019,FRI,465875.08109,363484.11805,47.5074380395149,-111.281598137402,0.915
C000010,A,000+0.915,GREAT FALLS,CASCADE,JANUARY,2019,TUE,465875.08109,363484.11805,47.5074380395149,-111.281598137402,0.915
C000010,A,000+0.915,GREAT FALLS,CASCADE,FEBRUARY,2019,WED,465875.08109,363484.11805,47.5074380395149,-111.281598137402,0.915
C000010,A,000+0.915,GREAT FALLS,CASCADE,FEBRUARY,2019,SUN,465875.08109,363484.11805,47.5074380395149,-111.281598137402,0.915
C000010,A,000+0.915,GREAT FALLS,CASCADE,FEBRUARY,2019,MON,465875.08109,363484.11805,47.5074380395149,-111.281598137402,0.915
C000010,A,004+0.054,GREAT FALLS,CASCADE,SEPTEMBER,2019,THU,466467.94691,367799.26876,47.5462459946735,-111.275179643495,4.054
C000010,A,004+0.881,NOT IN CITY LIMITS,CASCADE,JULY,2019,FRI,467129.12498,368952.73810,,,4.881
C000010,A,000+0.836,GREAT FALLS,CASCADE,NOVEMBER,2019,FRI,465870.06100,363357.23500,47.506304917184,-111.281618142369,0.836
C000010,A,014+0.930,NOT IN CITY LIMITS,CASCADE,OCTOBER,2019,WED,475432.71096,382831.26411,,,14.93
C000010,A,111+0.305,NOT IN CITY LIMITS,HILL,FEBRUARY,2019,FRI,581799.97742,478421.37521,48.5553287902066,-109.746743498109,111.305
C000010,A,000+0.759,GREAT FALLS,CASCADE,JANUARY,2019,WED,465866.96300,363233.86900,47.5052060973392,-111.281619659192,0.759
C000010,A,016+0.813,NOT IN CITY LIMITS,CHOUTEAU,APRIL,2019,SUN,476909.54078,385327.67726,,,16.813
C000010,A,017+0.275,NOT IN CITY LIMITS,CHOUTEAU,JULY,2019,FRI,477286.94046,385966.82584,,,17.275
C000010,A,000+0.684,GREAT FALLS,CASCADE,APRIL,2019,THU,465864.47400,363113.11600,47.5040934348992,-111.281626319966,0.684
C000010,A,017+0.668,NOT IN CITY LIMITS,CHOUTEAU,DECEMBER,2019,MON,477701.75066,386447.32692,,,17.668
C000010,A,018+0.259,NOT IN CITY LIMITS,CHOUTEAU,JANUARY,2019,MON,478517.79295,386928.36915,,,18.259
C000010,A,020+0.127,NOT IN CITY LIMITS,CHOUTEAU,DECEMBER,2019,SAT,481127.82828,388439.21655,,,20.127
C000010,A,020+0.578,NOT IN CITY LIMITS,CHOUTEAU,MAY,2019,FRI,481754.98208,388803.45321,,,20.578
C000010,A,023+0.038,NOT IN CITY LIMITS,CHOUTEAU,JANUARY,2019,MON,485173.37138,390764.15463,47.756642911929,-111.032305617105,23.038
C000010,A,024+0.374,NOT IN CITY LIMITS,CHOUTEAU,AUGUST,2019,WED,487051.15004,391846.64722,,,24.374
C000010,A,000+0.075,GREAT FALLS,CASCADE,FEBRUARY,2019,TUE,465836.30110,362134.18727,47.4952845253479,-111.281705260827,0.075
C000010,A,068+0.955,NOT IN CITY LIMITS,CHOUTEAU,NOVEMBER,2019,MON,541750.65181,427475.51079,,,68.955
C000010,A,040+0.574,NOT IN CITY LIMITS,CHOUTEAU,DECEMBER,2019,FRI,510903.55719,398971.73191,,,40.574
C000010,D,110+0.086,NOT IN CITY LIMITS,HILL,APRIL,2019,FRI,581764.29125,478315.58907,,,110.086
C000010,A,109+0.206,NOT IN CITY LIMITS,HILL,NOVEMBER,2019,WED,581003.27969,475225.46451,,,109.206
C000010,A,094+0.113,NOT IN CITY LIMITS,HILL,AUGUST,2019,MON,565944.81941,456680.73169,,,94.113
C000010,A,109+0.125,NOT IN CITY LIMITS,HILL,FEBRUARY,2019,THU,580924.68351,475119.93900,,,109.125
C000010,A,079+0.224,BIG SANDY,CHOUTEAU,APRIL,2019,TUE,554481.64118,436727.54594,48.1786616802125,-110.112081155613,79.224
C000010,A,083+0.680,NOT IN CITY LIMITS,CHOUTEAU,JULY,2019,TUE,558057.19722,442866.12366,,,83.68
C000010,A,096+0.445,NOT IN CITY LIMITS,HILL,AUGUST,2019,SUN,568173.62406,459642.69173,,,96.445
C000010,A,095+0.403,NOT IN CITY LIMITS,HILL,DECEMBER,2019,MON,567158.88129,458277.65890,,,95.403
C000010,A,089+0.833,NOT IN CITY LIMITS,HILL,MARCH,2019,FRI,561814.84517,451961.63392,,,89.833
C000010,A,077+0.752,NOT IN CITY LIMITS,CHOUTEAU,SEPTEMBER,2019,SAT,552834.02131,435032.98749,,,77.752
C000010,A,089+0.866,NOT IN CITY LIMITS,HILL,MARCH,2019,SUN,561849.77702,452000.24050,,,89.866
C000010,D,002+0.002,NOT IN CITY LIMITS,CASCADE,MAY,2019,THU,465897.88100,365226.75800,47.5229547017975,-111.281820175063,2.002
C000010,D,002+0.005,NOT IN CITY LIMITS,CASCADE,FEBRUARY,2019,WED,465895.23964,365231.58289,47.5229547017975,-111.281820175063,2.005
C000010,A,092+0.349,NOT IN CITY LIMITS,HILL,NOVEMBER,2019,SAT,564057.72887,454539.71781,,,92.349
C000010,A,092+0.834,NOT IN CITY LIMITS,HILL,JUNE,2019,WED,564575.99520,455124.62208,,,92.834
C000010,A,093+0.352,NOT IN CITY LIMITS,HILL,NOVEMBER,2019,TUE,565166.16115,455792.98114,,,93.352
C000010,A,107+0.999,NOT IN CITY LIMITS,HILL,JANUARY,2019,TUE,579499.38909,473979.04290,,,107.999
C000010,A,093+0.641,NOT IN CITY LIMITS,HILL,DECEMBER,2019,SAT,565477.47496,456138.20155,,,93.641
C000010,A,107+0.999,NOT IN CITY LIMITS,HILL,DECEMBER,2019,SUN,579499.38909,473979.04290,,,107.999
C000010,A,095+0.403,NOT IN CITY LIMITS,HILL,DECEMBER,2019,MON,567158.82767,458277.60808,,,95.403
C000010,A,100+0.904,NOT IN CITY LIMITS,HILL,OCTOBER,2019,TUE,572270.05081,465684.77530,,,100.904
C000010,A,078+0.446,NOT IN CITY LIMITS,CHOUTEAU,MAY,2019,WED,553586.68394,435857.14557,,,78.446
C000010,A,000+0.003,GREAT FALLS,CASCADE,NOVEMBER,2019,MON,465831.73000,362018.30000,47.4941110134484,-111.281721758167,0.003
C000010,A,104+0.537,NOT IN CITY LIMITS,HILL,OCTOBER,2019,TUE,575443.32596,470395.94565,,,104.537
C000010,A,110+0.975,NOT IN CITY LIMITS,HILL,NOVEMBER,2019,FRI,581794.12182,477929.12786,,,110.975
C000010,D,001+0.785,NOT IN CITY LIMITS,CASCADE,AUGUST,2019,FRI,465900.18868,364878.41734,47.5195053746993,-111.281712329535,1.7850000000000001
C000010,A,000+0.025,GREAT FALLS,CASCADE,MAY,2019,TUE,465833.44900,362054.01400,,,0.025
C000010,A,072+0.455,NOT IN CITY LIMITS,CHOUTEAU,SEPTEMBER,2019,SUN,547087.00973,429269.44629,,,72.455
C000010,A,075+0.014,NOT IN CITY LIMITS,CHOUTEAU,FEBRUARY,2019,SAT,549863.94569,431782.78467,,,75.014
C000010,A,077+0.329,NOT IN CITY LIMITS,CHOUTEAU,DECEMBER,2019,THU,552370.67452,434534.97962,,,77.329
C000010,A,107+0.897,NOT IN CITY LIMITS,HILL,JUNE,2019,THU,579358.20135,473894.03371,,,107.897
C000010,A,000+0.013,GREAT FALLS,CASCADE,MARCH,2019,FRI,465832.17100,362034.07900,47.4941110134484,-111.281721758167,0.013
C000010,A,000+0.009,GREAT FALLS,CASCADE,FEBRUARY,2019,SAT,465832.53400,362027.56400,47.4941110134484,-111.281721758167,0.009
C000010,A,077+0.002,NOT IN CITY LIMITS,CHOUTEAU,SEPTEMBER,2019,MON,552011.48509,434150.14375,,,77.002
C000010,A,010+0.004,NOT IN CITY LIMITS,CASCADE,JULY,2020,MON,471297.45986,375938.32947,,,10.004
C000010,A,015+0.444,NOT IN CITY LIMITS,CASCADE,FEBRUARY,2020,SAT,475881.26844,383597.70962,,,15.444
C000010,A,014+0.316,NOT IN CITY LIMITS,CASCADE,FEBRUARY,2020,SAT,474920.89297,381986.33821,,,14.316
C000010,A,004+0.982,NOT IN CITY LIMITS,CASCADE,NOVEMBER,2020,FRI,467214.55588,369090.25389,,,4.982
C000010,A,015+0.441,NOT IN CITY LIMITS,CASCADE,FEBRUARY,2020,SAT,475881.95510,383592.12551,,,15.441
C000010,A,013+1.046,NOT IN CITY LIMITS,CASCADE,MARCH,2020,MON,474655.96103,381539.00974,,,14.046
C000010,A,012+0.140,NOT IN CITY LIMITS,CASCADE,JUNE,2020,SAT,473070.19861,378885.04535,,,12.14
C000010,A,015+0.406,NOT IN CITY LIMITS,CASCADE,FEBRUARY,2020,SAT,475853.60533,383543.20399,,,15.406
C000010,A,104+0.841,NOT IN CITY LIMITS,HILL,MARCH,2020,SUN,575724.76873,470795.21500,,,104.841
C000010,A,014+0.476,NOT IN CITY LIMITS,CASCADE,DECEMBER,2020,FRI,475058.18762,382203.46291,,,14.475999999999999
C000010,A,006+0.840,NOT IN CITY LIMITS,CASCADE,FEBRUARY,2020,MON,468718.53349,371616.10068,,,6.84
C000010,A,007+0.136,NOT IN CITY LIMITS,CASCADE,DECEMBER,2020,SAT,468955.35634,372040.13253,,,7.136
C000010,A,010+0.488,NOT IN CITY LIMITS,CASCADE,FEBRUARY,2020,SAT,471704.72060,376602.39259,,,10.488
C000010,A,014+0.824,NOT IN CITY LIMITS,CASCADE,MARCH,2020,SAT,475334.54237,382690.38017,,,14.824
C000010,A,014+0.518,NOT IN CITY LIMITS,CASCADE,FEBRUARY,2020,SAT,475093.75572,382262.19021,,,14.518
C000010,A,106+0.000,NOT IN CITY LIMITS,HILL,APRIL,2020,SAT,576803.76592,472395.02193,,,106.0
C000010,A,008+0.713,NOT IN CITY LIMITS,CASCADE,DECEMBER,2020,THU,470255.96305,374178.82272,,,8.713
C000010,A,009+0.210,NOT IN CITY LIMITS,CASCADE,MARCH,2020,SUN,470652.00945,374857.47668,,,9.21
C000010,A,104+0.988,NOT IN CITY LIMITS,HILL,SEPTEMBER,2020,SUN,575852.98328,470994.82445,,,104.988
C000010,A,008+0.508,NOT IN CITY LIMITS,CASCADE,MAY,2020,SAT,470089.75723,373893.26570,,,8.508
C000010,A,069+0.610,NOT IN CITY LIMITS,CHOUTEAU,JUNE,2020,MON,542739.37424,427809.96980,,,69.61
C000010,A,004+0.564,GREAT FALLS,CASCADE,OCTOBER,2020,SUN,466868.23226,368515.34821,,,4.564
C000010,A,001+0.519,GREAT FALLS,CASCADE,AUGUST,2020,MON,465901.44850,364454.95140,47.516178172133,-111.281541282931,1.5190000000000001
C000010,A,001+0.519,GREAT FALLS,CASCADE,SEPTEMBER,2020,FRI,465901.44850,364454.95140,47.516178172133,-111.281541282931,1.5190000000000001
C000010,A,001+0.600,GREAT FALLS,CASCADE,JANUARY,2020,WED,465904.92415,364584.03071,,,1.6
C000010,A,001+0.777,NOT IN CITY LIMITS,CASCADE,JUNE,2020,THU,465910.53136,364866.01814,,,1.7770000000000001
C000010,A,110+0.428,NOT IN CITY LIMITS,HILL,SEPTEMBER,2020,SUN,581789.74492,477048.71822,,,110.428
C000010,A,001+0.981,NOT IN CITY LIMITS,CASCADE,DECEMBER,2020,THU,465908.82800,365192.47500,47.5229547017975,-111.281820175063,1.9809999999999999
C000010,A,001+0.988,NOT IN CITY LIMITS,CASCADE,JANUARY,2020,WED,465908.35300,365203.04300,47.5229547017975,-111.281820175063,1.988
C000010,A,109+1.056,NOT IN CITY LIMITS,HILL,AUGUST,2020,THU,581780.24274,476343.09611,,,110.056
C000010,A,109+0.728,NOT IN CITY LIMITS,HILL,NOVEMBER,2020,THU,581510.59500,475893.64800,48.532155073702,-109.750581205781,109.728
C000010,A,002+0.260,NOT IN CITY LIMITS,CASCADE,APRIL,2020,THU,465907.01300,365642.91900,47.5269534223087,-111.281818645185,2.26
C000010,A,109+0.368,NOT IN CITY LIMITS,HILL,NOVEMBER,2020,FRI,581164.04491,475430.22498,,,109.368
C000010,A,002+0.362,NOT IN CITY LIMITS,CASCADE,AUGUST,2020,MON,465910.66400,365807.16000,47.5283272353528,-111.28180878383,2.362
C000010,A,002+0.362,NOT IN CITY LIMITS,CASCADE,JULY,2020,FRI,465911.25600,365807.36900,47.5283272353528,-111.28180878383,2.362
C000010,A,108+0.015,NOT IN CITY LIMITS,HILL,MARCH,2020,TUE,579525.84424,473990.38159,,,108.015
C000010,A,002+0.428,GREAT FALLS,CASCADE,OCTOBER,2020,MON,465915.31685,365913.82804,,,2.428
C000010,A,002+0.749,NOT IN CITY LIMITS,CASCADE,MARCH,2020,TUE,465918.26280,366428.77090,,,2.749
C000010,A,002+0.863,GREAT FALLS,CASCADE,AUGUST,2020,SAT,465925.24329,366610.58537,47.5355690305946,-111.282048123224,2.863
C000010,A,002+0.863,GREAT FALLS,CASCADE,FEBRUARY,2020,SUN,465925.24329,366610.58537,47.5355690305946,-111.282048123224,2.863
C000010,A,002+0.871,NOT IN CITY LIMITS,CASCADE,JULY,2020,TUE,465926.39500,366623.40700,47.5357674171743,-111.281840979389,2.871
C000010,A,002+0.876,GREAT FALLS,CASCADE,AUGUST,2020,WED,465928.40780,366631.61950,47.5357674171743,-111.281840979389,2.876
C000010,A,002+0.876,GREAT FALLS,CASCADE,MARCH,2020,WED,465928.40780,366631.61950,47.5357674171743,-111.281840979389,2.876
C000010,A,002+0.977,GREAT FALLS,CASCADE,MARCH,2020,THU,465969.93600,366788.99600,47.5373845045263,-111.281425195291,2.977
C000010,A,015+0.491,NOT IN CITY LIMITS,CASCADE,FEBRUARY,2020,SAT,475922.12179,383660.67290,,,15.491
C000010,A,003+0.397,NOT IN CITY LIMITS,CASCADE,DECEMBER,2020,SAT,466278.42215,367390.78933,,,3.3970000000000002
C000010,A,107+0.999,NOT IN CITY LIMITS,HILL,DECEMBER,2020,TUE,579499.38909,473979.04290,,,107.999
C000010,A,004+0.815,NOT IN CITY LIMITS,CASCADE,NOVEMBER,2020,THU,467071.70967,368862.67744,,,4.8149999999999995
C000010,A,107+0.999,NOT IN CITY LIMITS,HILL,JANUARY,2020,FRI,579499.38909,473979.04290,,,107.999
C000010,A,102+0.025,NOT IN CITY LIMITS,HILL,MAY,2020,FRI,573189.27592,467056.03091,,,102.025
C000010,A,015+0.501,NOT IN CITY LIMITS,CASCADE,FEBRUARY,2020,SAT,475924.85729,383678.74397,,,15.501
C000010,A,001+0.495,GREAT FALLS,CASCADE,MARCH,2020,SUN,465900.05100,364416.30900,,,1.495
C000010,A,089+0.753,NOT IN CITY LIMITS,HILL,FEBRUARY,2020,THU,561729.16915,451864.93871,,,89.753
C000010,A,089+0.414,NOT IN CITY LIMITS,HILL,MARCH,2020,FRI,561458.47669,451392.23304,,,89.414
C000010,A,087+0.856,NOT IN CITY LIMITS,CHOUTEAU,JULY,2020,SUN,560617.30522,449031.19501,,,87.856
C000010,A,043+0.221,NOT IN CITY LIMITS,CHOUTEAU,MAY,2020,WED,514527.78028,401293.90467,,,43.221
C000010,A,043+0.548,NOT IN CITY LIMITS,CHOUTEAU,OCTOBER,2020,THU,515013.40878,401499.90466,,,43.548
C000010,A,043+0.835,NOT IN CITY LIMITS,CHOUTEAU,JANUARY,2020,THU,515452.67553,401640.27070,,,43.835
C000010,A,044+0.334,NOT IN CITY LIMITS,CHOUTEAU,JANUARY,2020,TUE,516209.02869,401902.77645,,,44.334
C000010,A,044+0.409,NOT IN CITY LIMITS,CHOUTEAU,JANUARY,2020,FRI,516320.65226,401945.82076,,,44.409
C000010,A,044+0.765,NOT IN CITY LIMITS,CHOUTEAU,JUNE,2020,THU,516758.41960,402286.87302,,,44.765
C000010,A,046+0.562,NOT IN CITY LIMITS,CHOUTEAU,OCTOBER,2020,WED,518627.93605,404309.91927,,,46.562
C000010,A,046+0.948,NOT IN CITY LIMITS,CHOUTEAU,JUNE,2020,FRI,519183.77223,404577.27220,,,46.948
C000010,A,039+0.003,NOT IN CITY LIMITS,CHOUTEAU,NOVEMBER,2020,FRI,509627.95978,396920.79266,,,39.003
C000010,A,047+0.989,NOT IN CITY LIMITS,CHOUTEAU,NOVEMBER,2020,SUN,520502.27927,405743.09220,,,47.989
C000010,A,077+0.023,NOT IN CITY LIMITS,CHOUTEAU,DECEMBER,2020,FRI,552034.63967,434175.50745,,,77.023
C000010,A,049+0.462,NOT IN CITY LIMITS,CHOUTEAU,DECEMBER,2020,TUE,522136.54641,407416.00371,,,49.462
C000010,A,075+0.460,NOT IN CITY LIMITS,CHOUTEAU,MAY,2020,SUN,550317.04507,432341.53902,,,75.46
C000010,A,051+0.436,NOT IN CITY LIMITS,CHOUTEAU,AUGUST,2020,FRI,524581.79300,409398.38100,47.9299808366207,-110.509706359565,51.436
C000010,A,053+0.117,NOT IN CITY LIMITS,CHOUTEAU,MAY,2020,MON,524954.69803,411757.12762,,,53.117
C000010,A,053+0.881,NOT IN CITY LIMITS,CHOUTEAU,FEBRUARY,2020,MON,525301.75579,412935.35340,,,53.881
C000010,A,055+0.442,NOT IN CITY LIMITS,CHOUTEAU,SEPTEMBER,2020,TUE,526002.74297,415326.09102,,,55.442
C000010,A,063+0.330,NOT IN CITY LIMITS,CHOUTEAU,APRIL,2020,THU,533001.47583,425329.15023,,,63.33
C000010,A,066+0.053,NOT IN CITY LIMITS,CHOUTEAU,MAY,2020,MON,537243.79427,426281.16647,,,66.053
C000010,A,066+0.993,NOT IN CITY LIMITS,CHOUTEAU,NOVEMBER,2020,TUE,538722.96581,426601.58732,,,66.993
C000010,A,067+0.499,NOT IN CITY LIMITS,CHOUTEAU,OCTOBER,2020,THU,539513.48015,426788.90567,,,67.499
C000010,A,072+0.435,NOT IN CITY LIMITS,CHOUTEAU,JUNE,2020,FRI,547057.86100,429255.25500,48.1108300358645,-110.211270647897,72.435
C000010,A,077+0.452,NOT IN CITY LIMITS,CHOUTEAU,OCTOBER,2020,FRI,552504.29968,434680.84167,,,77.452
C000010,A,015+0.497,NOT IN CITY LIMITS,CASCADE,FEBRUARY,2020,SAT,475925.31687,383670.44737,,,15.497
C000010,A,090+0.461,NOT IN CITY LIMITS,HILL,APRIL,2020,SUN,562503.01649,452710.98327,,,90.461
C000010,A,091+0.994,NOT IN CITY LIMITS,HILL,APRIL,2020,SAT,563692.83439,454112.13083,,,91.994
C000010,A,016+0.198,NOT IN CITY LIMITS,CHOUTEAU,FEBRUARY,2020,SAT,476409.93926,384474.29984,,,16.198
C000010,A,016+0.991,NOT IN CITY LIMITS,CHOUTEAU,DECEMBER,2020,SUN,477068.55600,385566.46600,,,16.991
C000010,A,103+0.991,NOT IN CITY LIMITS,HILL,AUGUST,2020,THU,574956.06197,469677.93631,48.476170000000003,-109.83882,103.991
C000010,A,103+0.262,NOT IN CITY LIMITS,HILL,JULY,2020,SUN,574297.60980,468705.92243,,,103.262
C000010,A,103+0.260,NOT IN CITY LIMITS,HILL,JULY,2020,SUN,574299.62775,468700.26651,,,103.26
C000010,A,102+0.037,NOT IN CITY LIMITS,HILL,DECEMBER,2020,TUE,573197.88100,467073.38100,48.4527765401256,-109.862347875911,102.037
C000010,A,018+0.668,NOT IN CITY LIMITS,CHOUTEAU,JULY,2020,THU,479086.64508,387262.09868,,,18.668
C000010,A,019+1.017,NOT IN CITY LIMITS,CHOUTEAU,DECEMBER,2020,SUN,480947.35241,388329.38949,,,20.017
C000010,A,069+0.809,NOT IN CITY LIMITS,CHOUTEAU,OCTOBER,2020,SAT,543051.91851,427888.29627,,,69.809
C000010,A,022+0.978,NOT IN CITY LIMITS,CHOUTEAU,DECEMBER,2020,FRI,485068.27423,390717.95778,,,22.978
C000010,A,099+0.597,NOT IN CITY LIMITS,HILL,AUGUST,2020,MON,571149.85695,464002.29799,,,99.597
C000010,A,099+0.487,NOT IN CITY LIMITS,HILL,DECEMBER,2020,WED,571037.48044,463866.16977,,,99.487
C000010,A,038+0.524,NOT IN CITY LIMITS,CHOUTEAU,SEPTEMBER,2020,MON,508870.68695,396817.81326,,,38.524
C000010,A,097+0.554,NOT IN CITY LIMITS,HILL,NOVEMBER,2020,SUN,569186.18144,461142.61547,,,97.554
C000010,A,096+0.989,NOT IN CITY LIMITS,HILL,JULY,2020,THU,568659.59326,460371.49897,,,96.989
C000010,A,096+0.715,NOT IN CITY LIMITS,HILL,SEPTEMBER,2020,TUE,568422.35400,460000.51900,,,96.715
C000010,A,028+0.652,NOT IN CITY LIMITS,CHOUTEAU,MAY,2020,FRI,493228.67154,394750.95960,,,28.652
C000010,A,029+0.000,NOT IN CITY LIMITS,CHOUTEAU,DECEMBER,2020,SUN,493729.55637,395001.83171,,,29.0
C000010,A,030+0.009,NOT IN CITY LIMITS,CHOUTEAU,DECEMBER,2020,FRI,495229.45062,395625.72939,,,30.009
C000010,A,032+0.705,NOT IN CITY LIMITS,CHOUTEAU,SEPTEMBER,2020,MON,499530.02176,396188.18703,,,32.705
C000010,A,032+0.845,NOT IN CITY LIMITS,CHOUTEAU,JANUARY,2020,FRI,499751.94905,396221.41353,,,32.845
C000010,A,033+0.098,NOT IN CITY LIMITS,CHOUTEAU,AUGUST,2020,SUN,500156.32929,396269.04043,,,33.098
C000010,A,033+0.128,NOT IN CITY LIMITS,CHOUTEAU,JANUARY,2020,THU,500204.09900,396279.03100,47.8086154049142,-110.83325268298,33.128
C000010,A,033+0.980,NOT IN CITY LIMITS,CHOUTEAU,MAY,2020,TUE,501566.44660,396429.33867,,,33.98
C000010,A,035+0.295,NOT IN CITY LIMITS,CHOUTEAU,MARCH,2020,TUE,503676.80504,396611.73929,,,35.295
C000010,A,035+0.511,NOT IN CITY LIMITS,CHOUTEAU,JUNE,2020,MON,504022.72879,396627.15037,,,35.511
C000010,A,026+0.752,NOT IN CITY LIMITS,CHOUTEAU,MARCH,2020,MON,490406.76793,393611.37456,,,26.752
C000010,A,001+0.442,GREAT FALLS,CASCADE,NOVEMBER,2020,THU,465898.06861,364330.27728,47.5145569019346,-111.281549586944,1.442
C000010,A,111+0.320,NOT IN CITY LIMITS,HILL,JANUARY,2020,WED,581798.09400,478444.80100,48.5553287902066,-109.746743498109,111.32
C000010,A,000+0.062,GREAT FALLS,CASCADE,MAY,2020,MON,465834.94600,362113.13400,,,0.062
C000010,A,000+0.000,GREAT FALLS,CASCADE,JULY,2020,TUE,465832.33640,362013.07760,47.4941110134484,-111.281721758167,0.0
C000010,A,000+0.000,GREAT FALLS,CASCADE,MAY,2020,THU,465832.33640,362013.07760,47.4941110134484,-111.281721758167,0.0
C000010,A,000+0.000,GREAT FALLS,CASCADE,MAY,2020,MON,465832.33640,362013.07760,47.4941110134484,-111.281721758167,0.0
C000010,A,000+0.684,GREAT FALLS,CASCADE,JULY,2020,SUN,465864.50698,363112.61912,47.5040934348992,-111.281626319966,0.684
C000010,A,000+0.000,GREAT FALLS,CASCADE,MAY,2020,SAT,465832.33640,362013.07760,47.4941110134484,-111.281721758167,0.0
C000010,A,000+0.075,GREAT FALLS,CASCADE,OCTOBER,2020,FRI,465836.30110,362134.18727,47.4952845253479,-111.281705260827,0.075
C000010,A,000+0.000,GREAT FALLS,CASCADE,NOVEMBER,2020,SUN,465832.33640,362013.07760,47.4941110134484,-111.281721758167,0.0
C000010,A,000+0.269,GREAT FALLS,CASCADE,JULY,2020,FRI,465844.67137,362445.48251,,,0.269
C000010,A,000+0.761,GREAT FALLS,CASCADE,APRIL,2020,TUE,465867.82040,363236.21170,47.5052060973392,-111.281619659192,0.761
C000010,A,000+0.761,GREAT FALLS,CASCADE,APRIL,2020,WED,465867.82040,363236.21170,47.5052060973392,-111.281619659192,0.761
C000010,A,000+0.266,GREAT FALLS,CASCADE,OCTOBER,2020,FRI,465844.71300,362441.09250,47.498047534057,-111.281686283466,0.266
C000010,A,000+0.761,GREAT FALLS,CASCADE,FEBRUARY,2020,MON,465867.82040,363236.21171,47.5052060973392,-111.281619659192,0.761
C000010,A,000+0.761,GREAT FALLS,CASCADE,JULY,2020,THU,465867.82040,363236.21170,47.5052060973392,-111.281619659192,0.761
C000010,A,000+0.761,GREAT FALLS,CASCADE,JUNE,2020,MON,465867.82040,363236.21170,47.5052060973392,-111.281619659192,0.761
C000010,A,000+0.000,GREAT FALLS,CASCADE,JULY,2020,TUE,465832.33640,362013.07760,47.4941110134484,-111.281721758167,0.0
C000010,A,001+0.066,GREAT FALLS,CASCADE,JULY,2020,MON,465881.81763,363725.14299,47.5096079588088,-111.281581495841,1.066
C000010,A,000+0.227,GREAT FALLS,CASCADE,JUNE,2020,SAT,465842.64899,362378.59629,47.4974848210841,-111.281694808676,0.227
C000010,A,000+0.915,GREAT FALLS,CASCADE,OCTOBER,2020,FRI,465875.08109,363484.11805,47.5074380395149,-111.281598137402,0.915
C000010,A,000+0.015,GREAT FALLS,CASCADE,OCTOBER,2020,THU,465833.18340,362036.82972,,,0.015
C000010,A,000+0.023,GREAT FALLS,CASCADE,JUNE,2020,SUN,465832.73500,362049.70500,,,0.023
C000010,A,000+0.023,GREAT FALLS,CASCADE,SEPTEMBER,2020,THU,465833.27015,362050.53941,,,0.023
C000010,A,000+0.024,GREAT FALLS,CASCADE,AUGUST,2020,WED,465833.31576,362051.95069,,,0.024
C000010,A,001+0.382,GREAT FALLS,CASCADE,JUNE,2020,WED,465895.57700,364233.96800,,,1.3820000000000001
C000010,A,000+0.056,GREAT FALLS,CASCADE,MAY,2020,FRI,465834.75900,362103.86100,,,0.056
C000010,A,000+0.915,GREAT FALLS,CASCADE,MARCH,2020,FRI,465875.08109,363484.11805,47.5074380395149,-111.281598137402,0.915
C000010,A,000+0.915,GREAT FALLS,CASCADE,MARCH,2020,SAT,465875.08109,363484.11805,47.5074380395149,-111.281598137402,0.915
C000010,A,000+0.836,GREAT FALLS,CASCADE,FEBRUARY,2020,SAT,465870.71162,363358.27540,47.506304917184,-111.281618142369,0.836
C000010,A,000+0.075,GREAT FALLS,CASCADE,DECEMBER,2020,MON,465836.30110,362134.18727,47.4952845253479,-111.281705260827,0.075
C000010,A,000+0.836,GREAT FALLS,CASCADE,OCTOBER,2020,TUE,465870.71162,363358.27540,47.506304917184,-111.281618142369,0.836
C000010,A,000+0.915,GREAT FALLS,CASCADE,AUGUST,2020,SAT,465875.08109,363484.11805,47.5074380395149,-111.281598137402,0.915
C000010,A,000+0.000,GREAT FALLS,CASCADE,SEPTEMBER,2020,FRI,465832.33640,362013.07760,47.4941110134484,-111.281721758167,0.0
C000010,A,000+0.000,GREAT FALLS,CASCADE,JULY,2020,FRI,465832.33640,362013.07760,47.4941110134484,-111.281721758167,0.0
C000010,A,000+0.279,GREAT FALLS,CASCADE,NOVEMBER,2020,MON,465845.43089,362461.57523,,,0.279
C000010,A,000+0.000,GREAT FALLS,CASCADE,JANUARY,2020,WED,465832.33640,362013.07760,47.4941110134484,-111.281721758167,0.0
C000010,A,001+0.368,GREAT FALLS,CASCADE,NOVEMBER,2020,SUN,465895.46796,364211.47125,47.5139863224755,-111.281547145296,1.3679999999999999
C000010,D,001+0.866,GREAT FALLS,CASCADE,MARCH,2020,THU,465899.29026,365009.69222,47.521168808497002,-111.281737564235,1.866
C000010,A,001+0.368,GREAT FALLS,CASCADE,MARCH,2020,MON,465895.46800,364211.47120,47.5139863224755,-111.281547145296,1.3679999999999999
C000010,A,001+0.368,GREAT FALLS,CASCADE,MARCH,2020,WED,465895.46800,364211.47120,47.5139863224755,-111.281547145296,1.3679999999999999
C000010,D,001+0.868,NOT IN CITY LIMITS,CASCADE,FEBRUARY,2020,FRI,465899.44314,365011.76707,47.521187507486097,-111.28173616070499,1.8679999999999999
C000010,D,001+0.896,NOT IN CITY LIMITS,CASCADE,MAY,2020,THU,465898.94276,365057.92093,47.521602657079598,-111.28175675397,1.896
C000010,A,000+0.000,GREAT FALLS,CASCADE,JANUARY,2020,MON,465832.33640,362013.07760,47.4941110134484,-111.281721758167,0.0
C000010,D,001+0.997,NOT IN CITY LIMITS,CASCADE,JULY,2020,TUE,465897.05700,365218.63700,47.5229547017975,-111.281820175063,1.9969999999999999
C000010,A,000+0.616,GREAT FALLS,CASCADE,FEBRUARY,2020,SAT,465861.30832,363003.54843,,,0.616
C000010,A,000+0.379,GREAT FALLS,CASCADE,NOVEMBER,2020,THU,465850.47490,362622.54140,47.4996812439961,-111.281664592716,0.379
C000010,A,000+0.000,GREAT FALLS,CASCADE,APRIL,2020,SUN,465832.33640,362013.07760,47.4941110134484,-111.281721758167,0.0
C000010,A,000+0.000,GREAT FALLS,CASCADE,APRIL,2020,THU,465832.33640,362013.07760,47.4941110134484,-111.281721758167,0.0
C000010,A,000+0.000,GREAT FALLS,CASCADE,APRIL,2020,THU,465832.33640,362013.07760,47.4941110134484,-111.281721758167,0.0
C000010,D,001+0.994,NOT IN CITY LIMITS,CASCADE,DECEMBER,2020,WED,465899.54300,365214.65300,47.5229547017975,-111.281820175063,1.994
C000010,A,000+0.000,GREAT FALLS,CASCADE,AUGUST,2020,WED,465832.33640,362013.07760,47.4941110134484,-111.281721758167,0.0
C000010,A,000+0.360,GREAT FALLS,CASCADE,JULY,2020,MON,465849.92159,362592.09861,,,0.36
C000010,A,000+0.000,GREAT FALLS,CASCADE,AUGUST,2020,THU,465832.33640,362013.07760,47.4941110134484,-111.281721758167,0.0
C000010,A,000+0.000,GREAT FALLS,CASCADE,FEBRUARY,2020,FRI,465832.33640,362013.07760,47.4941110134484,-111.281721758167,0.0
C000010,A,000+0.000,GREAT FALLS,CASCADE,DECEMBER,2020,THU,465832.33640,362013.07760,47.4941110134484,-111.281721758167,0.0
C000010,A,000+0.152,GREAT FALLS,CASCADE,DECEMBER,2021,THU,465840.24780,362258.25000,47.4964015501851,-111.281690337248,0.152
C000010,A,036+0.056,NOT IN CITY LIMITS,CHOUTEAU,MARCH,2021,SUN,504900.81881,396654.84434,47.8127283967624,-110.770469524776,36.056
C000010,A,044+0.538,NOT IN CITY LIMITS,CHOUTEAU,NOVEMBER,2021,FRI,516511.33834,402025.05472,47.862637790972499,-110.616404715326,44.538
C000010,A,000+0.286,GREAT FALLS,CASCADE,JULY,2021,FRI,465846.06600,362473.71800,0,0,0.286
C000010,A,000+0.098,GREAT FALLS,CASCADE,JULY,2021,THU,465837.12600,362170.46600,0,0,0.098
C000010,A,035+0.147,NOT IN CITY LIMITS,CHOUTEAU,FEBRUARY,2021,MON,503441.26275,396581.50437,47.8118538800692,-110.789948707938,35.147
C000010,A,044+0.792,NOT IN CITY LIMITS,CHOUTEAU,JUNE,2021,MON,516779.02926,402321.20201,47.8653366125855,-110.612881915153,44.792
C000010,A,000+0.088,GREAT FALLS,CASCADE,SEPTEMBER,2021,THU,465836.80000,362154.62000,0,0,0.088
C000010,A,033+0.184,NOT IN CITY LIMITS,CHOUTEAU,DECEMBER,2021,MON,500293.15021,396288.53513,47.808743865073801,-110.83193048510999,33.184
C000010,A,000+0.152,GREAT FALLS,CASCADE,JUNE,2021,TUE,465840.24780,362258.25000,47.4964015501851,-111.281690337248,0.152
C000010,A,046+1.052,NOT IN CITY LIMITS,CHOUTEAU,APRIL,2021,TUE,519315.67453,404683.45104,47.88691,-110.5794,47.052
C000010,A,046+1.052,NOT IN CITY LIMITS,CHOUTEAU,JUNE,2021,TUE,519315.67453,404683.45104,47.88691,-110.5794,47.052
C000010,A,046+1.053,NOT IN CITY LIMITS,CHOUTEAU,NOVEMBER,2021,THU,519315.67453,404683.45104,47.88691,-110.57940000000001,47.053
C000010,A,047+0.550,NOT IN CITY LIMITS,CHOUTEAU,JULY,2021,FRI,519968.40674,405275.37563,47.8923163517694,-110.570777049047,47.55
C000010,A,000+0.075,GREAT FALLS,CASCADE,SEPTEMBER,2021,THU,465836.30110,362134.18730,47.4952845253479,-111.281705260827,0.075
C000010,A,000+0.075,GREAT FALLS,CASCADE,SEPTEMBER,2021,MON,465836.30110,362134.18730,47.4952845253479,-111.281705260827,0.075
C000010,A,045+0.773,NOT IN CITY LIMITS,CHOUTEAU,JANUARY,2021,SUN,517690.12228,403582.47059,47.8768005371094,-110.600936889648,45.773
C000010,A,000+0.152,GREAT FALLS,CASCADE,SEPTEMBER,2021,TUE,465840.24780,362258.25000,47.4964015501851,-111.281690337248,0.152
C000010,A,000+0.304,GREAT FALLS,CASCADE,MARCH,2021,FRI,465847.16730,362501.93100,47.4985954121732,-111.281672075616,0.304
C000010,A,000+0.379,GREAT FALLS,CASCADE,DECEMBER,2021,WED,465850.47490,362622.54140,47.4996812439961,-111.281664592716,0.379
C000010,A,032+0.863,NOT IN CITY LIMITS,CHOUTEAU,JULY,2021,FRI,499781.51495,396226.75355,47.808109518727299,-110.838749714446,32.863
C000010,A,000+0.379,GREAT FALLS,CASCADE,JULY,2021,WED,465850.47491,362622.54139,47.4996812439961,-111.281664592716,0.379
C000010,A,038+0.001,NOT IN CITY LIMITS,CHOUTEAU,NOVEMBER,2021,FRI,508030.64420,396779.58274,47.814300000000003,-110.72869,38.001
C000010,A,000+0.379,GREAT FALLS,CASCADE,NOVEMBER,2021,SUN,465850.47490,362622.54140,47.4996812439961,-111.281664592716,0.379
C000010,A,040+0.520,NOT IN CITY LIMITS,CHOUTEAU,SEPTEMBER,2021,TUE,510857.11489,398897.87144,47.833751893442702,-110.69136531598799,40.52
C000010,A,029+0.000,NOT IN CITY LIMITS,CHOUTEAU,JULY,2021,WED,493729.55637,395001.83171,47.796129999999998,-110.91928,29.0
C000010,A,000+0.228,GREAT FALLS,CASCADE,DECEMBER,2021,FRI,465842.84700,362380.21300,47.4974848210841,-111.281694808676,0.228
C000010,A,040+0.680,NOT IN CITY LIMITS,CHOUTEAU,AUGUST,2021,FRI,510976.10425,399125.17239,47.835813273587299,-110.689821449756,40.68
C000010,A,000+0.531,GREAT FALLS,CASCADE,OCTOBER,2021,THU,465857.18600,362866.40480,47.50187670208,-111.281649150946,0.531
C000010,A,041+0.663,NOT IN CITY LIMITS,CHOUTEAU,NOVEMBER,2021,TUE,512318.74757,400109.06387,47.844847833230602,-110.67207622433401,41.663
C000010,A,033+0.512,NOT IN CITY LIMITS,CHOUTEAU,JANUARY,2021,FRI,500818.27172,396354.77271,47.8094199556971,-110.82493197528,33.512
C000010,A,000+0.379,GREAT FALLS,CASCADE,SEPTEMBER,2021,SAT,465850.47490,362622.54140,47.4996812439961,-111.281664592716,0.379
C000010,A,028+0.916,NOT IN CITY LIMITS,CHOUTEAU,SEPTEMBER,2021,THU,493605.11601,394948.64069,47.795631136234,-110.920928695443,28.916
C000010,A,027+0.741,NOT IN CITY LIMITS,CHOUTEAU,OCTOBER,2021,SUN,491914.25045,394098.45425,47.787703788859297,-110.943296328309,27.741
C000010,A,027+0.495,NOT IN CITY LIMITS,CHOUTEAU,DECEMBER,2021,FRI,491558.87969,393924.12200,47.786076297433702,-110.947997573888,27.495
C000010,A,042+0.812,NOT IN CITY LIMITS,CHOUTEAU,DECEMBER,2021,TUE,513953.83366,400970.97116,47.8528208312431,-110.65039164503,42.812
C000010,A,043+0.145,NOT IN CITY LIMITS,CHOUTEAU,APRIL,2021,SUN,514415.55860,401238.47933,47.8552885520093,-110.644271752709,43.145
C000010,A,043+0.402,NOT IN CITY LIMITS,CHOUTEAU,DECEMBER,2021,THU,514793.73703,401413.92248,47.856916678375804,-110.63925030308,43.402
C000010,A,037+0.139,NOT IN CITY LIMITS,CHOUTEAU,NOVEMBER,2021,SAT,506644.03737,396725.94930,47.813620245129201,-110.74720024032,37.139
C000010,A,048+0.578,NOT IN CITY LIMITS,CHOUTEAU,SEPTEMBER,2021,MON,521168.24703,406392.72525,47.902515991890397,-110.554927160185,48.578
C000010,A,041+0.998,NOT IN CITY LIMITS,CHOUTEAU,MARCH,2021,WED,512798.78401,400358.88290,47.84716,-110.66571,41.998
C000010,A,000+0.075,GREAT FALLS,CASCADE,NOVEMBER,2021,THU,465836.30110,362134.18730,47.4952845253479,-111.281705260827,0.075
C000010,A,085+0.849,NOT IN CITY LIMITS,CHOUTEAU,SEPTEMBER,2021,WED,559513.37696,446028.62395,48.262641393547099,-110.045510634054,85.849
C000010,A,088+0.792,NOT IN CITY LIMITS,CHOUTEAU,SEPTEMBER,2021,THU,561109.93101,450454.45816,48.302555084228501,-110.02439880371099,88.792
C000010,A,000+0.000,GREAT FALLS,CASCADE,MAY,2021,FRI,465832.33640,362013.07760,47.4941110134484,-111.281721758167,0.0
C000010,A,089+0.926,NOT IN CITY LIMITS,HILL,AUGUST,2021,WED,561920.77131,452066.38277,48.317104374914798,-110.013608167076,89.926
C000010,A,089+0.926,NOT IN CITY LIMITS,HILL,NOVEMBER,2021,THU,561919.75800,452067.78500,48.3171338804948,-110.013559666834,89.926
C000010,A,090+0.000,NOT IN CITY LIMITS,HILL,OCTOBER,2021,FRI,562010.93739,452156.45735,48.317920000000001,-110.0124,90.0
C000010,A,092+0.678,NOT IN CITY LIMITS,HILL,AUGUST,2021,SUN,564405.95994,454938.13351,48.3430803885161,-109.980326632385,92.678
C000010,A,093+0.001,NOT IN CITY LIMITS,HILL,SEPTEMBER,2021,MON,564796.06511,455366.66076,48.346956779779198,-109.975097532701,93.001
C000010,A,093+0.238,NOT IN CITY LIMITS,HILL,AUGUST,2021,FRI,565043.35061,455656.01769,48.3495732475211,-109.971783873332,93.238
C000010,A,000+0.000,GREAT FALLS,CASCADE,AUGUST,2021,FRI,465832.33640,362013.07760,47.4941110134484,-111.281721758167,0.0
C000010,A,000+0.000,GREAT FALLS,CASCADE,AUGUST,2021,FRI,465832.33640,362013.07760,47.4941110134484,-111.281721758167,0.0
C000010,A,000+0.000,GREAT FALLS,CASCADE,APRIL,2021,SUN,465832.33640,362013.07760,47.4941110134484,-111.281721758167,0.0
C000010,A,102+0.520,NOT IN CITY LIMITS,HILL,OCTOBER,2021,TUE,573627.12723,467720.35478,48.458507868661997,-109.85667834372801,102.52
C000010,A,102+0.940,NOT IN CITY LIMITS,HILL,SEPTEMBER,2021,THU,574013.76930,468274.60250,48.463509240487603,-109.85148293393,102.94
C000010,D,110+0.149,NOT IN CITY LIMITS,HILL,APRIL,2021,MON,581778.43934,478416.59293,48.5550042391262,-109.746893288352,110.149
C000010,D,002+0.873,GREAT FALLS,CASCADE,NOVEMBER,2021,THU,465912.68100,366621.99500,47.5357674171743,-111.281840979389,2.873
C000010,D,002+0.866,GREAT FALLS,CASCADE,OCTOBER,2021,MON,465912.32280,366609.93540,47.5355690305946,-111.282048123224,2.866
C000010,A,105+0.178,NOT IN CITY LIMITS,HILL,OCTOBER,2021,FRI,576007.96569,471239.56228,48.490257263183601,-109.824676513672,105.178
C000010,A,106+0.905,NOT IN CITY LIMITS,HILL,JULY,2021,FRI,578001.16115,473199.42967,48.507957810000001,-109.79780435000001,106.905
C000010,D,002+0.127,NOT IN CITY LIMITS,CASCADE,DECEMBER,2021,TUE,465897.99173,365428.76658,47.5249390049308,-111.28188146031,2.127
C000010,A,108+0.279,NOT IN CITY LIMITS,HILL,AUGUST,2021,FRI,579866.35863,474243.72543,48.5174124303458,-109.772604072137,108.279
C000010,A,108+0.587,NOT IN CITY LIMITS,HILL,OCTOBER,2021,THU,580266.17664,474538.12202,48.520072937011697,-109.767204284668,108.587
C000010,D,001+0.979,NOT IN CITY LIMITS,CASCADE,AUGUST,2021,TUE,465900.89856,365190.84506,47.522798992153497,-111.281770945985,1.979
C000010,D,001+0.897,NOT IN CITY LIMITS,CASCADE,SEPTEMBER,2021,THU,465902.01415,365059.76143,47.5216198450062,-111.281716515696,1.897
C000010,A,109+0.976,NOT IN CITY LIMITS,HILL,NOVEMBER,2021,TUE,581749.63204,476215.88164,48.535208217353599,-109.74718950635101,109.976
C000010,A,085+0.705,NOT IN CITY LIMITS,CHOUTEAU,JULY,2021,SUN,559448.55388,445804.04655,48.260616968624497,-110.04636291505599,85.705
C000010,A,049+0.002,NOT IN CITY LIMITS,CHOUTEAU,AUGUST,2021,TUE,521631.60479,406875.33469,47.906914163570399,-110.54881371981099,49.002
C000010,A,085+0.016,NOT IN CITY LIMITS,CHOUTEAU,AUGUST,2021,TUE,558984.29101,444799.19510,48.2515477240579,-110.052522372209,85.016
C000010,A,081+0.833,NOT IN CITY LIMITS,CHOUTEAU,MAY,2021,SAT,556859.86600,440150.32800,47.455710000000003,-111.07402,81.833
C000010,A,000+0.075,GREAT FALLS,CASCADE,NOVEMBER,2021,TUE,465836.30110,362134.18730,47.4952845253479,-111.281705260827,0.075
C000010,A,049+0.620,NOT IN CITY LIMITS,CHOUTEAU,DECEMBER,2021,THU,522323.40952,407589.54689,47.9134231258111,-110.539683174248,49.62
C000010,A,000+0.075,GREAT FALLS,CASCADE,JUNE,2021,WED,465836.30110,362134.18730,47.4952845253479,-111.281705260827,0.075
C000010,A,052+0.307,NOT IN CITY LIMITS,CHOUTEAU,MARCH,2021,THU,524923.80839,410660.79623,47.9413613876362,-110.505408966518,52.307
C000010,A,052+0.351,NOT IN CITY LIMITS,CHOUTEAU,FEBRUARY,2021,FRI,524957.62181,410722.16268,47.9419174194336,-110.50496673584,52.351
C000010,A,052+0.449,NOT IN CITY LIMITS,CHOUTEAU,APRIL,2021,FRI,525033.46633,410860.68150,47.943172454834,-110.503974914551,52.449
C000010,A,052+0.907,NOT IN CITY LIMITS,CHOUTEAU,MAY,2021,MON,524921.93157,411567.61466,47.94952,-110.50559,52.907
C000010,A,000+0.075,GREAT FALLS,CASCADE,DECEMBER,2021,SAT,465836.30110,362134.18730,47.4952845253479,-111.281705260827,0.075
C000010,A,000+0.075,GREAT FALLS,CASCADE,DECEMBER,2021,FRI,465836.30110,362134.18730,47.4952845253479,-111.281705260827,0.075
C000010,A,056+0.498,NOT IN CITY LIMITS,CHOUTEAU,OCTOBER,2021,THU,526813.07077,416814.09280,47.9969389104863,-110.481143101634,56.498
C000010,A,000+0.071,GREAT FALLS,CASCADE,APRIL,2021,SAT,465836.02000,362126.56300,0,0,0.071
C000010,A,000+0.064,GREAT FALLS,CASCADE,DECEMBER,2021,FRI,465835.64100,362115.44100,0,0,0.064
C000010,A,023+0.037,NOT IN CITY LIMITS,CHOUTEAU,MARCH,2021,MON,485164.91773,390757.94039,47.7564955180376,-111.032526872402,23.037
C000010,A,068+0.043,NOT IN CITY LIMITS,CHOUTEAU,MAY,2021,FRI,540357.79734,427017.10833,48.0901212860725,-110.300975433582,68.043
C000010,A,068+0.819,NOT IN CITY LIMITS,CHOUTEAU,SEPTEMBER,2021,SUN,541542.57514,427406.09526,48.093728869681698,-110.28511769039,68.819
C000010,A,000+0.032,GREAT FALLS,CASCADE,JANUARY,2021,MON,465833.78700,362064.22500,0,0,0.032
C000010,A,071+0.744,NOT IN CITY LIMITS,CHOUTEAU,DECEMBER,2021,TUE,546003.49767,428904.15529,48.107593695581201,-110.225394765323,71.744
C000010,A,000+0.030,GREAT FALLS,CASCADE,JANUARY,2021,TUE,465833.75300,362060.73000,0,0,0.03
C000010,A,072+0.449,NOT IN CITY LIMITS,CHOUTEAU,APRIL,2021,THU,547073.07788,429270.34395,48.1109764817652,-110.21107136736,72.449
C000010,A,000+0.001,GREAT FALLS,CASCADE,SEPTEMBER,2021,SUN,465832.63100,362014.84000,47.4941110134484,-111.281721758167,0.001
C000010,A,077+0.513,NOT IN CITY LIMITS,CHOUTEAU,MAY,2021,MON,552567.26347,434748.73878,48.16069,-110.13786,77.513
C000010,A,078+0.427,NOT IN CITY LIMITS,CHOUTEAU,JULY,2021,SUN,553572.84398,435829.43106,48.1704855358134,-110.12445371993,78.427
C000010,A,000+0.000,GREAT FALLS,CASCADE,SEPTEMBER,2021,FRI,465832.29200,362013.14800,47.4941110134484,-111.281721758167,0.0
C000010,A,079+0.226,BIG SANDY,CHOUTEAU,JANUARY,2021,SAT,554493.24372,436719.07682,48.1786616802125,-110.112081155613,79.226
C000010,A,081+0.277,NOT IN CITY LIMITS,CHOUTEAU,AUGUST,2021,SAT,556460.65719,439351.46754,48.202372624751099,-110.085967992128,81.277
C000010,A,084+0.258,NOT IN CITY LIMITS,CHOUTEAU,SEPTEMBER,2021,SUN,558460.75736,443706.38533,48.2416829993292,-110.05946950289299,84.258
C000010,A,023+0.000,NOT IN CITY LIMITS,CHOUTEAU,MARCH,2021,TUE,485113.26746,390734.99678,47.756279999999997,-111.03321,23.0
C000010,A,015+0.062,NOT IN CITY LIMITS,CASCADE,DECEMBER,2021,THU,475572.81725,383064.79759,47.685522685532398,-111.158327643603,15.062
C000010,A,001+0.368,GREAT FALLS,CASCADE,APRIL,2021,SUN,465895.46800,364211.47120,47.5139863224755,-111.281547145296,1.3679999999999999
C000010,A,002+0.251,NOT IN CITY LIMITS,CASCADE,JUNE,2021,TUE,465904.63946,365631.83024,47.5267673522064,-111.281854530635,2.251
C000010,A,000+0.719,GREAT FALLS,CASCADE,JUNE,2021,THU,465866.09300,363168.95600,0,0,0.719
C000010,A,001+0.368,GREAT FALLS,CASCADE,JUNE,2021,THU,465895.45600,364211.10600,47.5139863224755,-111.281547145296,1.3679999999999999
C000010,A,002+0.862,GREAT FALLS,CASCADE,FEBRUARY,2021,MON,465925.24329,366610.58537,47.5355775235661,-111.28187666343,2.862
C000010,A,000+0.684,GREAT FALLS,CASCADE,DECEMBER,2021,WED,465864.50700,363112.61910,47.5040934348992,-111.281626319966,0.684
C000010,A,017+0.000,NOT IN CITY LIMITS,CHOUTEAU,MARCH,2021,SUN,477068.48529,385576.11105,47.7084,-111.1391,17.0
C000010,A,001+0.368,GREAT FALLS,CASCADE,JULY,2021,FRI,465895.46800,364211.47120,47.5139863224755,-111.281547145296,1.3679999999999999
C000010,A,002+0.862,GREAT FALLS,CASCADE,DECEMBER,2021,FRI,465926.05800,366610.39700,0,0,2.862
C000010,A,001+0.368,GREAT FALLS,CASCADE,DECEMBER,2021,THU,465895.46800,364211.47120,47.5139863224755,-111.281547145296,1.3679999999999999
C000010,A,017+0.131,NOT IN CITY LIMITS,CHOUTEAU,MARCH,2021,SUN,477174.27330,385762.48632,47.710096707337897,-111.137741845698,17.131
C000010,A,002+0.267,NOT IN CITY LIMITS,CASCADE,AUGUST,2021,TUE,465907.74454,365654.19042,47.526969164803198,-111.28182004267801,2.267
C000010,A,000+0.684,GREAT FALLS,CASCADE,DECEMBER,2021,TUE,465864.50700,363112.61910,47.5040934348992,-111.281626319966,0.684
C000010,A,017+0.286,NOT IN CITY LIMITS,CHOUTEAU,MARCH,2021,SUN,477306.12419,385977.06032,47.7120519969855,-111.136044028067,17.286
C000010,A,017+0.311,NOT IN CITY LIMITS,CHOUTEAU,MARCH,2021,SUN,477323.45098,386008.83906,47.7123411626854,-111.135821902259,17.311
C000010,A,002+0.751,NOT IN CITY LIMITS,CASCADE,MAY,2021,THU,465924.58952,366427.48276,47.53393,-111.28183,2.751
C000010,A,002+0.869,GREAT FALLS,CASCADE,JANUARY,2021,SAT,465920.93200,366622.05000,47.5355690305946,-111.282048123224,2.8689999999999998
C000010,A,002+0.869,NOT IN CITY LIMITS,CASCADE,DECEMBER,2021,THU,465921.02700,366622.24600,47.5355690305946,-111.282048123224,2.8689999999999998
C000010,A,000+0.761,GREAT FALLS,CASCADE,JUNE,2021,SUN,465867.82040,363236.21170,47.5052060973392,-111.281619659192,0.761
C000010,A,006+0.434,NOT IN CITY LIMITS,CASCADE,SEPTEMBER,2021,THU,468381.87405,371056.91371,47.576079898632202,-111.250559057928,6.434
C000010,A,008+0.128,NOT IN CITY LIMITS,CASCADE,JULY,2021,SUN,469768.06700,373373.98700,47.5987700595579,-111.231648268508,8.128
C000010,A,008+0.570,NOT IN CITY LIMITS,CASCADE,OCTOBER,2021,WED,470131.42987,373985.64390,47.602779367959698,-111.22815636346201,8.57
C000010,A,000+0.836,GREAT FALLS,CASCADE,JUNE,2021,WED,465870.71160,363358.27540,47.506304917184,-111.281618142369,0.836
C000010,A,000+0.915,GREAT FALLS,CASCADE,DECEMBER,2021,TUE,465875.08110,363484.11810,47.5074380395149,-111.281598137402,0.915
C000010,A,000+0.836,GREAT FALLS,CASCADE,JULY,2021,MON,465870.71160,363358.27540,47.506304917184,-111.281618142369,0.836
C000010,A,003+0.323,NOT IN CITY LIMITS,CASCADE,NOVEMBER,2021,SAT,466205.42326,367294.74795,47.541790287596797,-111.27836071332,3.323
C000010,A,003+0.200,NOT IN CITY LIMITS,CASCADE,JULY,2021,SAT,466119.56722,367122.40603,47.5402221679687,-111.27944946289099,3.2
C000010,A,011+0.928,NOT IN CITY LIMITS,CASCADE,NOVEMBER,2021,MON,472938.55300,378623.71800,47.644932847737898,-111.192671550714,11.928
C000010,A,000+0.836,GREAT FALLS,CASCADE,DECEMBER,2021,WED,465870.71160,363358.27540,47.506304917184,-111.281618142369,0.836
C000010,A,000+0.915,GREAT FALLS,CASCADE,JULY,2021,SUN,465875.08300,363484.60200,47.5074380395149,-111.281598137402,0.915
C000010,A,000+0.540,GREAT FALLS,CASCADE,MARCH,2021,WED,465857.76600,362881.56800,0,0,0.54
C000010,A,001+0.736,GREAT FALLS,CASCADE,MAY,2021,SUN,465904.28200,364803.83100,47.5195053746993,-111.281712329535,1.736
C000010,A,013+1.046,NOT IN CITY LIMITS,CASCADE,SEPTEMBER,2021,SUN,474655.96103,381539.00974,47.671619999999997,-111.17010999999999,14.046
C000010,A,000+0.761,GREAT FALLS,CASCADE,MARCH,2021,MON,465867.82040,363236.21170,47.5052060973392,-111.281619659192,0.761
C000010,A,017+0.311,NOT IN CITY LIMITS,CHOUTEAU,MARCH,2021,SUN,477323.45114,386008.83876,47.71234116,-111.1358219,17.311
C000010,A,001+0.670,GREAT FALLS,CASCADE,AUGUST,2021,THU,465901.69400,364697.58000,0,0,1.67
C000010,A,000+0.976,GREAT FALLS,CASCADE,JUNE,2021,TUE,465877.31100,363583.12400,0,0,0.976
C000010,A,017+0.411,NOT IN CITY LIMITS,CHOUTEAU,MARCH,2021,SUN,477413.61885,386137.42674,47.713514988317797,-111.13465569357,17.411
C000010,A,020+0.150,NOT IN CITY LIMITS,CHOUTEAU,APRIL,2021,WED,481151.57473,388453.48217,47.7350436789081,-111.085449960131,20.15
C000010,A,000+0.608,GREAT FALLS,CASCADE,OCTOBER,2021,SUN,465861.27390,362990.23730,47.502991682278,-111.281632280024,0.608
C000010,A,002+0.362,NOT IN CITY LIMITS,CASCADE,DECEMBER,2021,MON,465912.01000,365807.06700,47.5283272353528,-111.28180878383,2.362
C000010,A,001+0.368,GREAT FALLS,CASCADE,MAY,2021,TUE,465895.46800,364211.47120,47.5139863224755,-111.281547145296,1.3679999999999999
C000010,A,001+0.368,GREAT FALLS,CASCADE,AUGUST,2021,MON,465895.46800,364211.47120,47.5139863224755,-111.281547145296,1.3679999999999999
C000010,A,017+0.411,NOT IN CITY LIMITS,CHOUTEAU,MARCH,2021,SUN,477414.03229,386137.40693,47.713514887780597,-111.134650176554,17.411
C000010,A,002+0.362,NOT IN CITY LIMITS,CASCADE,NOVEMBER,2021,SAT,465910.38600,365808.08900,47.5283272353528,-111.28180878383,2.362
C000010,A,002+0.363,NOT IN CITY LIMITS,CASCADE,OCTOBER,2021,THU,465910.59700,365808.33900,47.5283272353528,-111.28180878383,2.363
C000010,A,001+0.655,GREAT FALLS,CASCADE,JULY,2021,THU,465901.40010,364672.14830,47.5181323136568,-111.281607547524,1.655
C000010,A,002+0.267,NOT IN CITY LIMITS,CASCADE,DECEMBER,2021,TUE,465907.26200,365655.60100,47.5269534223087,-111.281818645185,2.267
C000010,A,019+0.002,NOT IN CITY LIMITS,CHOUTEAU,MAY,2021,WED,479527.56356,387509.16950,47.72625,-111.10685,19.002
C000010,A,002+0.370,NOT IN CITY LIMITS,CASCADE,JULY,2021,TUE,465921.20637,365820.90153,47.5284718380939,-111.281691605429,2.37
C000010,A,005+0.610,NOT IN CITY LIMITS,CASCADE,DECEMBER,2021,FRI,467705.14266,369941.92471,47.565911856308098,-111.259223738369,5.61
C000010,A,001+0.655,GREAT FALLS,CASCADE,MAY,2021,MON,465901.40010,364672.14830,47.5181323136568,-111.281607547524,1.655
C000010,A,000+0.662,GREAT FALLS,CASCADE,MAY,2021,FRI,465862.96300,363078.22400,0,0,0.662
C000010,A,000+0.000,GREAT FALLS,CASCADE,JUNE,2022,SUN,465741.26900,362007.20300,0,0,0.0
C000010,A,055+0.996,NOT IN CITY LIMITS,CHOUTEAU,SEPTEMBER,2022,SAT,526428.43065,416108.81038,47.990549999999999,-110.48618,55.996
C000010,A,099+0.950,NOT IN CITY LIMITS,HILL,NOVEMBER,2022,SUN,571482.93920,464462.42402,48.429110000000001,-109.88545999999999,99.95
C000010,A,090+0.000,NOT IN CITY LIMITS,HILL,OCTOBER,2022,SUN,562010.93739,452156.45735,48.317920000000001,-110.0124,90.0
C000010,A,054+0.274,NOT IN CITY LIMITS,CHOUTEAU,NOVEMBER,2022,SAT,525407.32559,413570.09738,47.967592541574597,-110.499431592772,54.274
C000010,A,053+1.007,NOT IN CITY LIMITS,CHOUTEAU,DECEMBER,2022,TUE,525351.83295,413131.49421,47.963639999999998,-110.5001,54.007
C000010,A,080+0.440,NOT IN CITY LIMITS,CHOUTEAU,APRIL,2022,SAT,555763.70165,438203.49310,48.1919975280762,-110.09523010253901,80.44
C000010,A,000+0.915,GREAT FALLS,CASCADE,JANUARY,2022,TUE,465875.08110,363484.11810,47.5074380395149,-111.281598137402,0.915
C000010,A,004+0.043,GREAT FALLS,CASCADE,AUGUST,2022,FRI,466455.78700,367784.23800,47.5462459946735,-111.275179643495,4.043
C000010,A,052+0.448,NOT IN CITY LIMITS,CHOUTEAU,NOVEMBER,2022,THU,525024.13477,410863.05270,47.943192712728099,-110.50410027900099,52.448
C000010,A,089+0.927,NOT IN CITY LIMITS,HILL,AUGUST,2022,WED,561920.48238,452068.63486,48.3171338804948,-110.013559666834,89.927
C000010,A,002+0.323,NOT IN CITY LIMITS,CASCADE,JULY,2022,MON,465905.04511,365744.64482,47.5283272353528,-111.28180878383,2.323
C000010,A,001+0.330,GREAT FALLS,CASCADE,NOVEMBER,2022,FRI,465892.98400,364150.61700,47.5134434116923,-111.281561178471,1.33
C000010,A,000+0.914,GREAT FALLS,CASCADE,NOVEMBER,2022,WED,465875.24200,363483.83800,47.5074380395149,-111.281598137402,0.914
C000010,A,000+0.075,GREAT FALLS,CASCADE,FEBRUARY,2022,FRI,465836.30110,362134.18730,47.4952845253479,-111.281705260827,0.075
C000010,A,100+0.707,NOT IN CITY LIMITS,HILL,MAY,2022,WED,572113.55828,465409.51305,48.437657133815399,-109.876997784205,100.707
C000010,A,080+0.001,NOT IN CITY LIMITS,CHOUTEAU,OCTOBER,2022,SAT,555326.15575,437648.00839,48.186970000000002,-110.10106,80.001
C000010,A,080+0.409,NOT IN CITY LIMITS,CHOUTEAU,NOVEMBER,2022,SUN,555725.68218,438169.93845,48.191693050513699,-110.095738227252,80.409
C000010,A,001+0.981,NOT IN CITY LIMITS,CASCADE,FEBRUARY,2022,THU,465909.54171,365191.88352,47.5229547017975,-111.281820175063,1.9809999999999999
C000010,A,101+0.086,NOT IN CITY LIMITS,HILL,FEBRUARY,2022,FRI,572342.79524,465804.41381,48.441219329833999,-109.87392425537099,101.086
C000010,A,050+0.000,NOT IN CITY LIMITS,CHOUTEAU,OCTOBER,2022,SAT,522755.97232,408019.16043,47.917340000000003,-110.53397,50.0
C000010,A,004+0.837,NOT IN CITY LIMITS,CASCADE,SEPTEMBER,2022,FRI,467088.37619,368893.75481,47.556356481810703,-111.26710815910801,4.837
C000010,A,000+0.075,GREAT FALLS,CASCADE,MAY,2022,MON,465836.30110,362134.18730,47.4952845253479,-111.281705260827,0.075
C000010,A,004+0.845,NOT IN CITY LIMITS,CASCADE,SEPTEMBER,2022,FRI,467095.76019,368904.63200,47.556455843519302,-111.267013281315,4.845
C000010,A,000+0.075,GREAT FALLS,CASCADE,MAY,2022,THU,465836.30110,362134.18730,47.4952845253479,-111.281705260827,0.075
C000010,A,002+0.361,NOT IN CITY LIMITS,CASCADE,AUGUST,2022,THU,465911.96506,365806.45840,47.5283272353528,-111.28180878383,2.3609999999999998
C000010,A,000+0.075,GREAT FALLS,CASCADE,MAY,2022,MON,465836.21400,362134.07400,47.4952845253479,-111.281705260827,0.075
C000010,A,000+0.914,GREAT FALLS,CASCADE,JUNE,2022,TUE,465875.08500,363483.30700,47.5074380395149,-111.281598137402,0.914
C000010,A,101+0.865,NOT IN CITY LIMITS,HILL,DECEMBER,2022,WED,573044.19846,466842.91900,48.450590862358403,-109.86450679190899,101.865
C000010,A,001+0.987,NOT IN CITY LIMITS,CASCADE,FEBRUARY,2022,FRI,465908.69640,365201.76061,47.5229547017975,-111.281820175063,1.987
C000010,A,001+0.283,GREAT FALLS,CASCADE,SEPTEMBER,2022,MON,465890.86700,364074.95900,47.5129109683517,-111.281566727132,1.283
C000010,A,001+0.368,GREAT FALLS,CASCADE,JANUARY,2022,MON,465895.46800,364211.47120,47.5139863224755,-111.281547145296,1.3679999999999999
C000010,A,001+0.217,GREAT FALLS,CASCADE,APRIL,2022,WED,465866.59900,363969.49800,0,0,1.217
C000010,A,002+0.252,NOT IN CITY LIMITS,CASCADE,OCTOBER,2022,SAT,465914.21792,365631.39846,47.526765428232501,-111.281727165772,2.252
C000010,A,082+0.998,NOT IN CITY LIMITS,CHOUTEAU,OCTOBER,2022,SAT,557594.23524,441874.90350,48.225149999999999,-110.07096,82.998
C000010,A,081+0.704,NOT IN CITY LIMITS,CHOUTEAU,NOVEMBER,2022,FRI,556770.50923,439962.68740,48.207892260353802,-110.081859154279,81.704
C000010,A,000+0.989,GREAT FALLS,CASCADE,JANUARY,2022,SUN,465877.80290,363603.57270,47.508513349387,-111.281598081315,0.989
C000010,A,000+0.000,GREAT FALLS,CASCADE,JUNE,2022,WED,465831.07200,362013.11500,47.4941110134484,-111.281721758167,0.0
C000010,A,001+0.217,GREAT FALLS,CASCADE,JUNE,2022,MON,465852.15600,363970.00100,0,0,1.217
C000010,A,000+0.004,GREAT FALLS,CASCADE,AUGUST,2022,FRI,465832.44700,362019.58900,47.4941110134484,-111.281721758167,0.004
C000010,A,002+0.863,GREAT FALLS,CASCADE,JULY,2022,TUE,465925.24330,366610.58540,47.5355690305946,-111.282048123224,2.863
C000010,A,001+0.368,GREAT FALLS,CASCADE,DECEMBER,2022,TUE,465895.26800,364212.08100,47.5139863224755,-111.281547145296,1.3679999999999999
C000010,A,002+0.024,NOT IN CITY LIMITS,CASCADE,OCTOBER,2022,SAT,465911.72090,365264.79893,47.523466579308902,-111.281649546944,2.024
C000010,A,002+0.366,CASCADE,CASCADE,MARCH,2022,MON,465914.46258,365813.25581,47.5283272353528,-111.28180878383,2.366
C000010,A,081+0.704,NOT IN CITY LIMITS,CHOUTEAU,NOVEMBER,2022,FRI,556767.72322,439964.84946,48.207911525145803,-110.081896868157,81.704
C000010,A,072+0.435,NOT IN CITY LIMITS,CHOUTEAU,NOVEMBER,2022,SUN,547058.14569,429254.19808,48.11083,-110.21127,72.435
C000010,A,001+0.368,GREAT FALLS,CASCADE,DECEMBER,2022,SAT,465895.35900,364211.66300,47.5139863224755,-111.281547145296,1.3679999999999999
C000010,A,077+0.838,NOT IN CITY LIMITS,CHOUTEAU,JANUARY,2022,MON,552925.91276,435138.07381,48.164218902587898,-110.13307952880901,77.838
C000010,A,081+0.702,NOT IN CITY LIMITS,CHOUTEAU,NOVEMBER,2022,FRI,556771.78156,439959.18544,48.2078608399042,-110.081841679525,81.702
C000010,A,071+0.047,NOT IN CITY LIMITS,CHOUTEAU,SEPTEMBER,2022,FRI,544938.42882,428548.99589,48.104308761419603,-110.239657116198,71.047
C000010,A,069+1.005,NOT IN CITY LIMITS,CHOUTEAU,MAY,2022,SAT,543342.05020,428009.78831,48.099319999999999,-110.26103000000001,70.005
C000010,A,000+0.054,GREAT FALLS,CASCADE,JULY,2022,SAT,465835.11300,362099.56800,0,0,0.054
C000010,A,085+0.980,NOT IN CITY LIMITS,CHOUTEAU,MARCH,2022,MON,559596.42099,446223.52796,48.264400000000002,-110.04441,85.98
C000010,A,002+0.875,GREAT FALLS,CASCADE,NOVEMBER,2022,THU,465927.47300,366630.64700,47.5357674171743,-111.281840979389,2.875
C000010,A,002+0.876,GREAT FALLS,CASCADE,DECEMBER,2022,THU,465928.40100,366632.07000,47.5357674171743,-111.281840979389,2.876
C000010,A,002+0.876,GREAT FALLS,CASCADE,JANUARY,2022,SUN,465928.40780,366631.61950,47.5357674171743,-111.281840979389,2.876
C000010,A,068+0.000,NOT IN CITY LIMITS,CHOUTEAU,JUNE,2022,SAT,540293.86958,426988.72047,48.089860000000002,-110.30183,68.0
C000010,A,079+0.455,NOT IN CITY LIMITS,CHOUTEAU,AUGUST,2022,WED,554747.63454,436988.67260,48.180998017269403,-110.108774400599,79.455
C000010,A,067+0.001,NOT IN CITY LIMITS,CHOUTEAU,MAY,2022,SUN,538732.05307,426612.55812,48.086329999999997,-110.32275,67.001
C000010,A,002+0.876,GREAT FALLS,CASCADE,MARCH,2022,THU,465928.40780,366631.61950,47.5357674171743,-111.281840979389,2.876
C000010,A,002+0.271,NOT IN CITY LIMITS,CASCADE,DECEMBER,2022,THU,465904.69514,365661.87738,47.527037701025897,-111.281862872492,2.271
C000010,A,086+0.457,NOT IN CITY LIMITS,CHOUTEAU,NOVEMBER,2022,SAT,559844.02910,446918.35973,48.270666315579199,-110.041138441947,86.457
C000010,A,086+0.487,NOT IN CITY LIMITS,CHOUTEAU,NOVEMBER,2022,SAT,559850.31411,446966.80750,48.2711025536126,-110.04105825819801,86.487
C000010,A,002+0.873,GREAT FALLS,CASCADE,NOVEMBER,2022,FRI,465928.02362,366626.72126,47.5357674171743,-111.281840979389,2.873
C000010,A,067+0.352,NOT IN CITY LIMITS,CHOUTEAU,SEPTEMBER,2022,FRI,539284.27808,426736.01082,48.0874926388963,-110.315352120824,67.352
C000010,A,000+0.065,GREAT FALLS,CASCADE,APRIL,2022,SAT,465835.75500,362118.15100,0,0,0.065
C000010,A,048+0.991,NOT IN CITY LIMITS,CHOUTEAU,OCTOBER,2022,SUN,521628.09606,406871.58458,47.906880000000001,-110.54886,48.991
C000010,A,000+0.378,GREAT FALLS,CASCADE,JULY,2022,WED,465850.58600,362621.10100,47.4996812439961,-111.281664592716,0.378
C000010,A,033+0.674,NOT IN CITY LIMITS,CHOUTEAU,NOVEMBER,2022,THU,501078.36655,396359.15238,47.809498896980003,-110.821459111992,33.674
C000010,A,035+0.120,NOT IN CITY LIMITS,CHOUTEAU,AUGUST,2022,TUE,503395.16447,396603.54370,47.812045340643699,-110.790569284067,35.12
C000010,A,000+0.304,GREAT FALLS,CASCADE,JANUARY,2022,SUN,465847.16730,362501.93100,47.4985954121732,-111.281672075616,0.304
C000010,A,000+0.299,GREAT FALLS,CASCADE,DECEMBER,2022,SAT,465847.39800,362493.91600,0,0,0.299
C000010,A,037+0.000,NOT IN CITY LIMITS,CHOUTEAU,DECEMBER,2022,THU,506420.78303,396715.03279,47.813490000000002,-110.75018,37.0
C000010,A,038+0.001,NOT IN CITY LIMITS,CHOUTEAU,DECEMBER,2022,SAT,508030.77256,396779.75802,47.814301595153701,-110.72868832212301,38.001
C000010,A,107+0.693,NOT IN CITY LIMITS,HILL,DECEMBER,2022,FRI,579064.46804,473748.50753,48.512932305994397,-109.78343709778299,107.693
C000010,A,038+0.864,NOT IN CITY LIMITS,CHOUTEAU,JUNE,2022,SAT,509421.97010,396827.51522,47.814926170475403,-110.710115070667,38.864
C000010,A,000+0.273,GREAT FALLS,CASCADE,OCTOBER,2022,WED,465844.98100,362451.62200,0,0,0.273
C000010,A,107+0.679,NOT IN CITY LIMITS,HILL,SEPTEMBER,2022,WED,579044.12987,473737.73160,48.512834713290196,-109.78371191658,107.679
C000010,A,039+0.964,NOT IN CITY LIMITS,CHOUTEAU,OCTOBER,2022,TUE,510515.80365,398132.63639,47.826819999999998,-110.69577,39.964
C000010,A,000+0.838,GREAT FALLS,CASCADE,SEPTEMBER,2022,SUN,465870.88000,363360.34100,47.506304917184,-111.281618142369,0.838
C000010,A,015+0.026,NOT IN CITY LIMITS,CASCADE,OCTOBER,2022,SUN,475541.06300,383016.73593,47.685084228716804,-111.15873716481001,15.026
C000010,A,107+0.528,NOT IN CITY LIMITS,HILL,NOVEMBER,2022,WED,578831.94393,473619.31399,48.511762588220897,-109.786578713371,107.528
C000010,A,000+0.379,GREAT FALLS,CASCADE,JUNE,2022,THU,465900.75400,362621.29900,0,0,0.379
C000010,A,000+0.683,GREAT FALLS,CASCADE,APRIL,2022,SAT,465781.91600,363114.67500,0,0,0.683
C000010,A,031+0.001,NOT IN CITY LIMITS,CHOUTEAU,SEPTEMBER,2022,THU,496799.29629,395890.64011,47.80462,-110.8785,31.001
C000010,A,030+0.985,NOT IN CITY LIMITS,CHOUTEAU,FEBRUARY,2022,SAT,496773.77827,395877.41892,47.804497005919302,-110.878837677153,30.985
C000010,A,000+0.608,GREAT FALLS,CASCADE,JANUARY,2022,TUE,465861.27390,362990.23730,47.502991682278,-111.281632280024,0.608
C000010,A,023+0.838,NOT IN CITY LIMITS,CHOUTEAU,JANUARY,2022,MON,486288.23365,391408.83944,47.762548442954397,-111.017707772759,23.838
C000010,A,000+0.477,GREAT FALLS,CASCADE,AUGUST,2022,SUN,465854.45400,362780.55900,0,0,0.477
C000010,A,110+0.555,NOT IN CITY LIMITS,HILL,FEBRUARY,2022,SUN,581778.60184,477253.70715,48.544544219970703,-109.74684143066401,110.555
C000010,A,110+0.454,NOT IN CITY LIMITS,HILL,MARCH,2022,SAT,581805.89458,477090.61082,48.543077954627101,-109.746464751871,110.454
C000010,A,026+0.577,NOT IN CITY LIMITS,CHOUTEAU,SEPTEMBER,2022,THU,490133.14442,393545.54365,47.782431505495403,-110.966936110609,26.576999999999998
C000010,A,001+0.568,GREAT FALLS,CASCADE,JUNE,2022,MON,465902.93100,364533.50100,0,0,1.568
C000010,A,014+1.030,NOT IN CITY LIMITS,CASCADE,OCTOBER,2022,SUN,475511.41544,382972.00514,47.684676139523901,-111.15911955117799,15.03
C000010,A,000+0.456,GREAT FALLS,CASCADE,FEBRUARY,2022,WED,465853.79790,362746.82960,47.5008001684397,-111.281658015951,0.456
C000010,A,001+0.655,GREAT FALLS,CASCADE,FEBRUARY,2022,FRI,465901.40010,364672.14830,47.5181323136568,-111.281607547524,1.655
C000010,D,001+0.912,NOT IN CITY LIMITS,CASCADE,AUGUST,2022,TUE,465901.53193,365083.95861,47.521837451352297,-111.281730232736,1.912
C000010,A,027+0.941,NOT IN CITY LIMITS,CHOUTEAU,NOVEMBER,2022,MON,492196.44934,394251.61787,47.789128537243897,-110.93956649022699,27.941
C000010,A,027+1.001,NOT IN CITY LIMITS,CHOUTEAU,JANUARY,2022,FRI,492287.44454,394285.67580,47.789450000000002,-110.93836,28.001
C000010,A,019+0.060,NOT IN CITY LIMITS,CHOUTEAU,FEBRUARY,2022,FRI,479614.16409,387557.04686,47.726696727950198,-111.105708343389,19.06
C000010,A,029+0.468,NOT IN CITY LIMITS,CHOUTEAU,AUGUST,2022,TUE,494406.66227,395331.76970,47.799208522267698,-110.910318300342,29.468
C000010,A,030+0.931,NOT IN CITY LIMITS,CHOUTEAU,DECEMBER,2022,TUE,496686.27883,395877.63575,47.804485090983803,-110.880006254619,30.931
C000010,A,109+0.809,NOT IN CITY LIMITS,HILL,DECEMBER,2022,SUN,581596.89106,475993.29252,48.5332016797961,-109.74924867717699,109.809
C000010,A,040+0.687,NOT IN CITY LIMITS,CHOUTEAU,APRIL,2022,SUN,510982.77511,399135.26455,47.835904988025703,-110.68973435488,40.687
C000010,A,000+0.761,GREAT FALLS,CASCADE,APRIL,2022,WED,465867.82040,363236.21170,47.5052060973392,-111.281619659192,0.761
C000010,A,000+0.836,GREAT FALLS,CASCADE,FEBRUARY,2022,WED,465870.71160,363358.27540,47.506304917184,-111.281618142369,0.836
C000010,A,001+0.751,GREAT FALLS,CASCADE,JULY,2022,WED,465907.38500,364824.94700,47.5195053746993,-111.281712329535,1.751
C000010,A,000+0.093,GREAT FALLS,CASCADE,OCTOBER,2022,TUE,465836.86400,362162.56200,0,0,0.093
C000010,A,044+0.810,NOT IN CITY LIMITS,CHOUTEAU,AUGUST,2022,WED,516796.90363,402346.67041,47.865568045883201,-110.612647757988,44.81
C000010,A,001+0.774,NOT IN CITY LIMITS,CASCADE,NOVEMBER,2022,SUN,465906.90204,364861.52918,47.519837324724698,-111.28159169556,1.774
C000010,A,001+0.368,GREAT FALLS,CASCADE,JULY,2022,TUE,465913.72100,364211.01300,0,0,1.3679999999999999
C000010,A,045+0.191,NOT IN CITY LIMITS,CHOUTEAU,DECEMBER,2022,WED,517078.25739,402896.80896,47.870553739172998,-110.60898996562101,45.191
C000010,A,045+0.727,NOT IN CITY LIMITS,CHOUTEAU,JUNE,2022,THU,517649.07907,403526.25366,47.876289542445697,-110.601475217743,45.727
C000010,A,001+0.749,CASCADE,CASCADE,SEPTEMBER,2022,TUE,465910.64179,364821.72870,47.519480000000001,-111.28153,1.749
C000010,A,103+0.601,NOT IN CITY LIMITS,HILL,MARCH,2022,SUN,574607.50472,469155.68001,48.471458502075699,-109.84350459226199,103.601
C000010,A,102+0.998,NOT IN CITY LIMITS,HILL,DECEMBER,2022,THU,574063.14560,468355.61879,48.464239999999997,-109.85082,102.998
C000010,A,007+0.147,NOT IN CITY LIMITS,CASCADE,JULY,2022,WED,468981.99654,372044.28241,47.5850837173925,-111.24287206077901,7.147
C000010,A,089+0.901,NOT IN CITY LIMITS,HILL,DECEMBER,2022,THU,561891.22296,452040.09190,48.316866118001002,-110.01400437325,89.901
C000010,A,000+0.837,GREAT FALLS,CASCADE,NOVEMBER,2022,WED,465870.57600,363359.52300,47.506304917184,-111.281618142369,0.837
C000010,A,102+0.185,NOT IN CITY LIMITS,HILL,APRIL,2022,THU,573330.26466,467270.77184,48.454451476623703,-109.860665189521,102.185
C000010,A,048+0.730,NOT IN CITY LIMITS,CHOUTEAU,MAY,2022,SUN,521332.03892,406574.42199,47.904170601402903,-110.55276823918901,48.73
C000010,A,001+0.950,NOT IN CITY LIMITS,CASCADE,SEPTEMBER,2022,FRI,465906.02561,365143.21987,47.5223715520385,-111.281688454739,1.95
C000010,A,001+0.818,NOT IN CITY LIMITS,CASCADE,MARCH,2022,TUE,465905.42868,364931.67208,47.520468107849098,-111.281632458711,1.818
C000010,A,044+0.040,NOT IN CITY LIMITS,CHOUTEAU,APRIL,2022,WED,515762.45767,401745.13085,47.860022741774998,-110.62636349822201,44.04
C000010,A,001+0.368,GREAT FALLS,CASCADE,JULY,2022,THU,465856.76900,364212.80500,0,0,1.3679999999999999
C000010,A,043+0.768,NOT IN CITY LIMITS,CHOUTEAU,NOVEMBER,2022,TUE,515348.30449,401613.99521,47.8587891473151,-110.631875148924,43.768
C000010,A,042+0.762,NOT IN CITY LIMITS,CHOUTEAU,MARCH,2022,THU,513875.27364,400948.35100,47.852606922980598,-110.65143735423101,42.762
C000010,A,105+0.602,NOT IN CITY LIMITS,HILL,NOVEMBER,2022,THU,576397.09887,471799.62003,48.4953094769023,-109.81944146794601,105.602
C000010,A,043+0.559,NOT IN CITY LIMITS,CHOUTEAU,OCTOBER,2022,THU,515029.70957,401506.92185,47.857784266741596,-110.63611371027,43.559
C000010,A,000+0.159,GREAT FALLS,CASCADE,AUGUST,2022,TUE,465841.15200,362268.01800,0,0,0.159
C000010,A,000+0.836,GREAT FALLS,CASCADE,APRIL,2022,MON,465870.68100,363358.33700,47.506304917184,-111.281618142369,0.836
C000010,A,106+0.570,NOT IN CITY LIMITS,HILL,DECEMBER,2023,THU,577518.88754,472956.64463,48.505757257218697,-109.804320186314,106.57
C000010,A,002+0.273,NOT IN CITY LIMITS,CASCADE,AUGUST,2023,WED,465908.65597,365664.91134,47.527065808697301,-111.28181117595,2.273
C000010,A,001+0.927,NOT IN CITY LIMITS,CASCADE,OCTOBER,2023,FRI,465905.16084,365106.41131,47.522040203899401,-111.281688817855,1.927
C000010,A,001+0.654,GREAT FALLS,CASCADE,SEPTEMBER,2023,FRI,465901.51200,364672.03900,47.5181323136568,-111.281607547524,1.654
C000010,A,102+0.646,NOT IN CITY LIMITS,HILL,JULY,2023,THU,573739.91728,467889.15865,48.4600309295136,-109.855163294194,102.646
C000010,A,107+0.001,NOT IN CITY LIMITS,HILL,OCTOBER,2023,WED,578076.22665,473234.96311,48.508279999999999,-109.79679,107.001
C000010,A,000+0.000,GREAT FALLS,CASCADE,FEBRUARY,2023,WED,465832.34000,362013.08100,47.4941110134484,-111.281721758167,0.0
C000010,A,101+0.788,NOT IN CITY LIMITS,HILL,MARCH,2023,WED,572980.51155,466737.68582,48.449641578702497,-109.865361340825,101.788
C000010,A,001+0.368,GREAT FALLS,CASCADE,JUNE,2023,WED,465894.84800,364212.23500,47.5139863224755,-111.281547145296,1.3679999999999999
C000010,A,109+0.964,NOT IN CITY LIMITS,HILL,AUGUST,2023,THU,581748.00854,476194.46233,48.535015505189101,-109.747210579922,109.964
C000010,A,001+0.368,GREAT FALLS,CASCADE,JULY,2023,SAT,465895.31400,364211.75100,47.5139863224755,-111.281547145296,1.3679999999999999
C000010,D,001+0.775,NOT IN CITY LIMITS,CASCADE,JULY,2023,MON,465901.17921,364862.74281,47.51984707255,-111.28166807088201,1.775
C000010,A,106+0.223,NOT IN CITY LIMITS,HILL,MAY,2023,MON,577052.24765,472652.13074,48.503001640158203,-109.81062054007199,106.223
C000010,A,001+0.801,NOT IN CITY LIMITS,CASCADE,JULY,2023,TUE,465910.31436,364904.20573,47.520221989578999,-111.28155926892499,1.8010000000000002
C000010,D,002+0.099,NOT IN CITY LIMITS,CASCADE,NOVEMBER,2023,FRI,465894.25552,365383.86288,47.524534236370201,-111.281917516495,2.099
C000010,A,098+1.097,NOT IN CITY LIMITS,HILL,JANUARY,2023,TUE,570546.82180,463219.33749,48.417885659219003,-109.898027732031,99.097
C000010,D,002+0.007,NOT IN CITY LIMITS,CASCADE,JANUARY,2023,TUE,465897.66557,365235.88200,47.523203533090403,-111.281827498406,2.007
C000010,A,104+0.988,NOT IN CITY LIMITS,HILL,JUNE,2023,FRI,575852.98328,470994.82445,48.488050000000001,-109.82675999999999,104.988
C000010,A,001+0.712,GREAT FALLS,CASCADE,JUNE,2023,WED,465903.77100,364765.11800,0,0,1.712
C000010,D,002+0.140,NOT IN CITY LIMITS,CASCADE,JANUARY,2023,MON,465896.14070,365449.06047,47.525121212508203,-111.28191218101,2.14
C000010,A,108+0.276,NOT IN CITY LIMITS,HILL,DECEMBER,2023,WED,579862.69302,474239.77253,48.517376758962598,-109.772653516726,108.276
C000010,A,001+0.989,NOT IN CITY LIMITS,CASCADE,OCTOBER,2023,WED,465910.86296,365205.04979,47.522928833497801,-111.281642887226,1.9889999999999999
C000010,A,106+0.816,NOT IN CITY LIMITS,HILL,OCTOBER,2023,MON,577877.51080,473128.24385,48.507313245164298,-109.79947453803101,106.816
C000010,A,100+0.262,NOT IN CITY LIMITS,HILL,FEBRUARY,2023,WED,571715.40200,464815.29077,48.432294460843501,-109.88234117446299,100.262
C000010,A,105+0.927,NOT IN CITY LIMITS,HILL,SEPTEMBER,2023,FRI,576685.24398,472236.97595,48.499254069258001,-109.81556560430199,105.927
C000010,A,002+0.171,NOT IN CITY LIMITS,CASCADE,MARCH,2023,FRI,465907.93900,365500.38088,47.525585363252901,-111.281770974336,2.171
C000010,A,108+0.813,NOT IN CITY LIMITS,HILL,OCTOBER,2023,SAT,580556.06370,474756.87844,48.522049491077198,-109.76328907822,108.813
C000010,D,002+0.713,NOT IN CITY LIMITS,CASCADE,MARCH,2023,MON,465904.05041,366364.71474,47.533361065807703,-111.28208388972099,2.713
C000010,A,000+0.000,GREAT FALLS,CASCADE,FEBRUARY,2023,MON,465832.29800,362013.17800,47.4941110134484,-111.281721758167,0.0
C000010,A,001+0.655,GREAT FALLS,CASCADE,SEPTEMBER,2023,THU,465901.27400,364672.64800,47.5181323136568,-111.281607547524,1.655
C000010,A,097+0.001,NOT IN CITY LIMITS,HILL,OCTOBER,2023,WED,568694.04090,460401.48619,48.392449999999997,-109.92286,97.001
C000010,A,022+1.008,NOT IN CITY LIMITS,CHOUTEAU,FEBRUARY,2023,SAT,485113.26746,390734.99678,47.756279999999997,-111.03321,23.008
C000010,A,000+0.000,GREAT FALLS,CASCADE,MAY,2023,SAT,465832.27200,362013.59200,47.4941110134484,-111.281721758167,0.0
C000010,A,038+0.099,NOT IN CITY LIMITS,CHOUTEAU,JANUARY,2023,MON,508188.49446,396787.43175,47.814392882171397,-110.726583142878,38.099
C000010,A,016+0.159,NOT IN CITY LIMITS,CASCADE,APRIL,2023,THU,476368.55271,384425.77458,47.697918392663297,-111.148107074187,16.159
C000010,A,000+0.726,GREAT FALLS,CASCADE,APRIL,2023,SAT,465866.38400,363180.38400,0,0,0.726
C000010,A,040+0.549,NOT IN CITY LIMITS,CHOUTEAU,JANUARY,2023,FRI,510888.83454,398934.09348,47.834082136290597,-110.690948818831,40.549
C000010,A,040+0.712,NOT IN CITY LIMITS,CHOUTEAU,OCTOBER,2023,THU,510997.64538,399173.21724,47.836248493619699,-110.689543344104,40.712
C000010,A,000+0.761,GREAT FALLS,CASCADE,JUNE,2023,FRI,465867.24000,363237.00000,47.5052060973392,-111.281619659192,0.761
C000010,A,014+0.550,NOT IN CITY LIMITS,CASCADE,APRIL,2023,TUE,475107.10941,382313.13108,47.678671121826298,-111.164319754801,14.55
C000010,A,000+0.284,GREAT FALLS,CASCADE,OCTOBER,2023,MON,465845.67600,362469.65800,0,0,0.284
C000010,A,042+0.519,NOT IN CITY LIMITS,CHOUTEAU,DECEMBER,2023,FRI,513534.28168,400755.62419,47.850827700003201,-110.65595753303,42.519
C000010,A,000+0.153,GREAT FALLS,CASCADE,SEPTEMBER,2023,SUN,465840.10500,362259.12000,47.4964015501851,-111.281690337248,0.153
C000010,A,000+0.826,GREAT FALLS,CASCADE,FEBRUARY,2023,FRI,465869.36900,363341.85600,0,0,0.826
C000010,A,000+0.153,GREAT FALLS,CASCADE,JANUARY,2023,FRI,465840.39500,362258.68400,47.4964015501851,-111.281690337248,0.153
C000010,A,043+0.547,NOT IN CITY LIMITS,CHOUTEAU,FEBRUARY,2023,THU,515015.27813,401490.15467,47.857631522861702,-110.636303389852,43.547
C000010,A,000+0.126,GREAT FALLS,CASCADE,MARCH,2023,TUE,465838.95700,362215.90000,0,0,0.126
C000010,A,011+0.521,NOT IN CITY LIMITS,CASCADE,DECEMBER,2023,WED,472583.89260,378072.73732,47.640033390305,-111.196709781482,11.521
C000010,A,010+0.364,NOT IN CITY LIMITS,CASCADE,NOVEMBER,2023,WED,471595.76286,376435.86603,47.625113163696902,-111.209388216599,10.364
C000010,A,000+0.791,GREAT FALLS,CASCADE,JULY,2023,THU,465868.94800,363285.75900,0,0,0.791
C000010,A,017+0.064,NOT IN CITY LIMITS,CHOUTEAU,JANUARY,2023,FRI,477124.50700,385669.71800,47.709255218505902,-111.13840484619099,17.064
C000010,A,017+0.064,NOT IN CITY LIMITS,CHOUTEAU,JANUARY,2023,FRI,477122.60161,385670.03590,47.709255218505902,-111.13840484619099,17.064
C000010,A,000+0.304,GREAT FALLS,CASCADE,MAY,2023,FRI,465847.19100,362502.04600,47.4985954121732,-111.281672075616,0.304
C000010,A,024+0.986,NOT IN CITY LIMITS,CHOUTEAU,JANUARY,2023,MON,487900.71382,392344.97470,47.771250000000002,-110.99643,24.986
C000010,A,000+0.465,GREAT FALLS,CASCADE,JANUARY,2023,TUE,465854.30500,362760.49000,0,0,0.465
C000010,A,025+0.997,NOT IN CITY LIMITS,CHOUTEAU,JULY,2023,WED,489293.80818,393147.68611,47.778709999999997,-110.97803999999999,25.997
C000010,A,026+0.037,NOT IN CITY LIMITS,CHOUTEAU,NOVEMBER,2023,WED,489347.62226,393181.08808,47.7790196526323,-110.977330108111,26.037
C000010,A,026+0.600,NOT IN CITY LIMITS,CHOUTEAU,FEBRUARY,2023,TUE,490168.63054,393554.75417,47.782520351755402,-110.966464714819,26.6
C000010,A,026+0.821,NOT IN CITY LIMITS,CHOUTEAU,MARCH,2023,WED,490517.40847,393627.63390,47.7832347159856,-110.96182708572999,26.821
C000010,A,000+0.417,GREAT FALLS,CASCADE,APRIL,2023,SAT,465852.70800,362684.18700,47.5002399265126,-111.281656529297,0.417
C000010,A,027+0.277,NOT IN CITY LIMITS,CHOUTEAU,MAY,2023,TUE,491232.40295,393796.39331,47.784872729513303,-110.95232434928,27.277
C000010,A,020+0.006,NOT IN CITY LIMITS,CHOUTEAU,OCTOBER,2023,THU,480957.20485,388345.35844,47.734035468686599,-111.08801292456199,20.006
C000010,A,000+0.380,GREAT FALLS,CASCADE,OCTOBER,2023,WED,465851.14500,362624.10700,47.4996812439961,-111.281664592716,0.38
C000010,A,000+0.608,GREAT FALLS,CASCADE,SEPTEMBER,2023,FRI,465861.17900,362990.48500,47.502991682278,-111.281632280024,0.608
C000010,A,000+0.380,GREAT FALLS,CASCADE,FEBRUARY,2023,FRI,465852.33600,362624.90100,47.4996812439961,-111.281664592716,0.38
C000010,A,018+0.650,NOT IN CITY LIMITS,CHOUTEAU,JANUARY,2023,WED,479059.64691,387250.81844,47.723839102477903,-111.11301831424601,18.65
C000010,A,029+1.002,NOT IN CITY LIMITS,CHOUTEAU,JULY,2023,FRI,495214.50078,395620.87410,47.801940000000002,-110.89960000000001,30.002
C000010,A,031+0.001,NOT IN CITY LIMITS,CHOUTEAU,SEPTEMBER,2023,THU,496799.29629,395890.64011,47.80462,-110.8785,31.001
C000010,A,032+0.789,NOT IN CITY LIMITS,CHOUTEAU,JUNE,2023,SUN,499663.59287,396211.27342,47.807952094827598,-110.840321108818,32.789
C000010,A,033+0.000,NOT IN CITY LIMITS,CHOUTEAU,SEPTEMBER,2023,TUE,499999.09739,396254.21267,47.808390000000003,-110.83584999999999,33.0
C000010,A,044+0.891,NOT IN CITY LIMITS,CHOUTEAU,JULY,2023,FRI,516861.06486,402459.06603,47.8665875073564,-110.61181119977699,44.891
C000010,A,044+1.001,NOT IN CITY LIMITS,CHOUTEAU,SEPTEMBER,2023,SAT,516938.93282,402617.17381,47.868020000000001,-110.6108,45.001
C000010,A,046+0.057,NOT IN CITY LIMITS,CHOUTEAU,MAY,2023,THU,517934.01856,403897.32654,47.879664201478199,-110.597734097532,46.057
C000010,A,000+0.076,GREAT FALLS,CASCADE,SEPTEMBER,2023,THU,465837.34300,362135.32500,47.4952845253479,-111.281705260827,0.076
C000010,A,000+0.915,GREAT FALLS,CASCADE,NOVEMBER,2023,FRI,465875.18900,363485.17800,47.5074380395149,-111.281598137402,0.915
C000010,A,074+0.576,NOT IN CITY LIMITS,CHOUTEAU,AUGUST,2023,MON,549362.31073,431284.51986,48.129280633573501,-110.18055229959199,74.576
C000010,A,002+0.863,GREAT FALLS,CASCADE,OCTOBER,2023,SAT,465925.61900,366610.94000,47.5355690305946,-111.282048123224,2.863
C000010,A,002+0.863,GREAT FALLS,CASCADE,JULY,2023,MON,465925.09300,366610.86200,47.5355690305946,-111.282048123224,2.863
C000010,A,076+0.999,NOT IN CITY LIMITS,CHOUTEAU,JUNE,2023,MON,552009.02984,434147.53368,48.155239999999999,-110.14530000000001,76.999
C000010,A,000+0.001,GREAT FALLS,CASCADE,NOVEMBER,2023,THU,465833.38300,362014.20000,47.4941110134484,-111.281721758167,0.001
C000010,A,000+0.000,GREAT FALLS,CASCADE,SEPTEMBER,2023,WED,465832.35100,362013.39300,47.4941110134484,-111.281721758167,0.0
C000010,A,078+0.949,NOT IN CITY LIMITS,CHOUTEAU,JULY,2023,THU,554138.29579,436450.34230,48.176111967071797,-110.116914382378,78.949
C000010,A,002+0.441,NOT IN CITY LIMITS,CASCADE,MARCH,2023,WED,465900.76406,365935.11452,47.529495239257798,-111.28199768066401,2.441
C000010,A,080+0.710,NOT IN CITY LIMITS,CHOUTEAU,MARCH,2023,SAT,556019.28055,438552.31749,48.195153175487199,-110.09182670681299,80.71
C000010,A,000+0.000,GREAT FALLS,CASCADE,OCTOBER,2023,FRI,465832.42000,362013.41000,47.4941110134484,-111.281721758167,0.0
C000010,A,084+0.144,NOT IN CITY LIMITS,CHOUTEAU,AUGUST,2023,THU,558373.26762,443546.10485,48.240235429252301,-110.060632363187,84.144
C000010,A,086+0.079,NOT IN CITY LIMITS,CHOUTEAU,SEPTEMBER,2023,FRI,559634.41447,446347.06305,48.265513728502299,-110.04390963965101,86.079
C000010,A,000+0.000,GREAT FALLS,CASCADE,NOVEMBER,2023,WED,465832.45700,362013.47300,47.4941110134484,-111.281721758167,0.0
C000010,A,088+0.998,NOT IN CITY LIMITS,CHOUTEAU,APRIL,2023,FRI,561240.93177,450760.92934,48.305320000000002,-110.02266,88.998
C000010,A,089+0.067,NOT IN CITY LIMITS,HILL,FEBRUARY,2023,SUN,561269.17045,450866.83820,48.306274458015203,-110.022288740269,89.067
C000010,A,089+0.644,NOT IN CITY LIMITS,HILL,MAY,2023,WED,561632.96343,451719.27835,48.313964773548001,-110.017459044283,89.644
C000010,A,071+0.999,NOT IN CITY LIMITS,CHOUTEAU,OCTOBER,2023,TUE,546393.61694,429032.41297,48.108780000000003,-110.22017,71.999
C000010,A,089+0.914,NOT IN CITY LIMITS,HILL,APRIL,2023,SUN,561904.19479,452055.02229,48.317001197800202,-110.013830737681,89.914
C000010,A,002+0.874,GREAT FALLS,CASCADE,OCTOBER,2023,SAT,465927.88900,366628.87200,47.5357674171743,-111.281840979389,2.874
C000010,A,062+0.996,NOT IN CITY LIMITS,CHOUTEAU,AUGUST,2023,MON,532488.78608,425184.27719,48.072859999999999,-110.40636000000001,62.996
C000010,A,000+0.076,GREAT FALLS,CASCADE,MAY,2023,WED,465836.94800,362135.03900,47.4952845253479,-111.281705260827,0.076
C000010,A,008+0.006,NOT IN CITY LIMITS,CASCADE,OCTOBER,2023,FRI,469671.82594,373201.78650,47.595635585773998,-111.234039415064,8.006
C000010,A,047+0.690,NOT IN CITY LIMITS,CHOUTEAU,NOVEMBER,2023,MON,520139.34610,405428.14735,47.893711892335702,-110.568518144254,47.69
C000010,A,000+0.836,GREAT FALLS,CASCADE,SEPTEMBER,2023,SAT,465870.71400,363358.25100,47.506304917184,-111.281618142369,0.836
C000010,A,048+0.007,NOT IN CITY LIMITS,CHOUTEAU,APRIL,2023,SUN,520509.71502,405751.92190,47.896670352218301,-110.563622122316,48.007
C000010,A,048+0.569,NOT IN CITY LIMITS,CHOUTEAU,JUNE,2023,WED,521152.43332,406386.51401,47.902458190917997,-110.555137634277,48.569
C000010,A,048+0.851,NOT IN CITY LIMITS,CHOUTEAU,OCTOBER,2023,TUE,521475.09834,406706.88165,47.905379666526599,-110.550877768343,48.851
C000010,A,048+0.991,NOT IN CITY LIMITS,CHOUTEAU,SEPTEMBER,2023,THU,521628.09606,406871.58458,47.906880000000001,-110.54886,48.991
C000010,A,004+0.982,NOT IN CITY LIMITS,CASCADE,AUGUST,2023,FRI,467214.55588,369090.25389,47.558149999999998,-111.26549,4.982
C000010,A,000+0.075,GREAT FALLS,CASCADE,JANUARY,2023,SAT,465836.75600,362133.62300,47.4952845253479,-111.281705260827,0.075
C000010,A,050+0.317,NOT IN CITY LIMITS,CHOUTEAU,FEBRUARY,2023,MON,523164.00666,408324.45573,47.9201351644246,-110.528562441415,50.317
C000010,A,000+0.075,GREAT FALLS,CASCADE,FEBRUARY,2023,WED,465836.35900,362133.22700,47.4952845253479,-111.281705260827,0.075
C000010,A,051+0.443,FORT BENTON,CHOUTEAU,JUNE,2023,WED,524590.86253,409402.31560,47.93,-110.50964999999999,51.443
C000010,A,003+0.616,GREAT FALLS,CASCADE,MAY,2023,MON,466421.24500,367714.77200,0,0,3.616
C000010,A,055+0.514,NOT IN CITY LIMITS,CHOUTEAU,JANUARY,2023,FRI,526056.08170,415427.94626,47.984381945096601,-110.491055097299,55.514
C000010,A,056+0.284,NOT IN CITY LIMITS,CHOUTEAU,MAY,2023,WED,526640.54805,416516.60601,47.9942429475146,-110.483405627247,56.284
C000010,A,003+0.126,GREAT FALLS,CASCADE,FEBRUARY,2023,MON,466068.61145,367009.67916,0,0,3.126
C000010,A,002+0.876,GREAT FALLS,CASCADE,JANUARY,2023,WED,465928.41400,366632.33400,47.5357674171743,-111.281840979389,2.876
C000010,A,001+0.438,GREAT FALLS,CASCADE,DECEMBER,2023,FRI,465897.88200,364323.58800,0,0,1.438
